~o
<STREAMINFO> 1 25
<VECSIZE> 25<NULLD><MFCC_D_N_Z_0><DIAGC>
~t "T_l1_i"
<TRANSP> 5
 0.000000e+00 1.000000e+00 0.000000e+00 0.000000e+00 0.000000e+00
 0.000000e+00 9.671987e-01 3.280133e-02 0.000000e+00 0.000000e+00
 0.000000e+00 0.000000e+00 9.898894e-01 1.011061e-02 0.000000e+00
 0.000000e+00 0.000000e+00 0.000000e+00 9.828342e-01 1.716579e-02
 0.000000e+00 0.000000e+00 0.000000e+00 0.000000e+00 0.000000e+00
~t "T_l1_u"
<TRANSP> 5
 0.000000e+00 1.000000e+00 0.000000e+00 0.000000e+00 0.000000e+00
 0.000000e+00 9.487134e-01 5.128662e-02 0.000000e+00 0.000000e+00
 0.000000e+00 0.000000e+00 9.486851e-01 5.131492e-02 0.000000e+00
 0.000000e+00 0.000000e+00 0.000000e+00 9.896611e-01 1.033892e-02
 0.000000e+00 0.000000e+00 0.000000e+00 0.000000e+00 0.000000e+00
~t "T_l2_i"
<TRANSP> 5
 0.000000e+00 1.000000e+00 0.000000e+00 0.000000e+00 0.000000e+00
 0.000000e+00 9.380538e-01 6.194619e-02 0.000000e+00 0.000000e+00
 0.000000e+00 0.000000e+00 9.701157e-01 2.988433e-02 0.000000e+00
 0.000000e+00 0.000000e+00 0.000000e+00 9.770815e-01 2.291848e-02
 0.000000e+00 0.000000e+00 0.000000e+00 0.000000e+00 0.000000e+00
~t "T_l2_u"
<TRANSP> 5
 0.000000e+00 1.000000e+00 0.000000e+00 0.000000e+00 0.000000e+00
 0.000000e+00 6.000000e-01 4.000000e-01 0.000000e+00 0.000000e+00
 0.000000e+00 0.000000e+00 6.000000e-01 4.000000e-01 0.000000e+00
 0.000000e+00 0.000000e+00 0.000000e+00 7.000000e-01 3.000000e-01
 0.000000e+00 0.000000e+00 0.000000e+00 0.000000e+00 0.000000e+00
~t "T_l3_i"
<TRANSP> 5
 0.000000e+00 1.000000e+00 0.000000e+00 0.000000e+00 0.000000e+00
 0.000000e+00 6.000000e-01 4.000000e-01 0.000000e+00 0.000000e+00
 0.000000e+00 0.000000e+00 6.000000e-01 4.000000e-01 0.000000e+00
 0.000000e+00 0.000000e+00 0.000000e+00 7.000000e-01 3.000000e-01
 0.000000e+00 0.000000e+00 0.000000e+00 0.000000e+00 0.000000e+00
~t "T_l3_u"
<TRANSP> 5
 0.000000e+00 1.000000e+00 0.000000e+00 0.000000e+00 0.000000e+00
 0.000000e+00 6.000000e-01 4.000000e-01 0.000000e+00 0.000000e+00
 0.000000e+00 0.000000e+00 6.000000e-01 4.000000e-01 0.000000e+00
 0.000000e+00 0.000000e+00 0.000000e+00 7.000000e-01 3.000000e-01
 0.000000e+00 0.000000e+00 0.000000e+00 0.000000e+00 0.000000e+00
~t "T_l4_i"
<TRANSP> 5
 0.000000e+00 1.000000e+00 0.000000e+00 0.000000e+00 0.000000e+00
 0.000000e+00 6.000000e-01 4.000000e-01 0.000000e+00 0.000000e+00
 0.000000e+00 0.000000e+00 6.000000e-01 4.000000e-01 0.000000e+00
 0.000000e+00 0.000000e+00 0.000000e+00 7.000000e-01 3.000000e-01
 0.000000e+00 0.000000e+00 0.000000e+00 0.000000e+00 0.000000e+00
~t "T_l4_u"
<TRANSP> 5
 0.000000e+00 1.000000e+00 0.000000e+00 0.000000e+00 0.000000e+00
 0.000000e+00 9.779691e-01 2.203086e-02 0.000000e+00 0.000000e+00
 0.000000e+00 0.000000e+00 9.826957e-01 1.730431e-02 0.000000e+00
 0.000000e+00 0.000000e+00 0.000000e+00 9.903229e-01 9.677110e-03
 0.000000e+00 0.000000e+00 0.000000e+00 0.000000e+00 0.000000e+00
~t "T_l5_i"
<TRANSP> 5
 0.000000e+00 1.000000e+00 0.000000e+00 0.000000e+00 0.000000e+00
 0.000000e+00 9.078048e-01 9.219518e-02 0.000000e+00 0.000000e+00
 0.000000e+00 0.000000e+00 9.838343e-01 1.616567e-02 0.000000e+00
 0.000000e+00 0.000000e+00 0.000000e+00 9.909596e-01 9.040380e-03
 0.000000e+00 0.000000e+00 0.000000e+00 0.000000e+00 0.000000e+00
~t "T_l5_u"
<TRANSP> 5
 0.000000e+00 1.000000e+00 0.000000e+00 0.000000e+00 0.000000e+00
 0.000000e+00 6.000000e-01 4.000000e-01 0.000000e+00 0.000000e+00
 0.000000e+00 0.000000e+00 6.000000e-01 4.000000e-01 0.000000e+00
 0.000000e+00 0.000000e+00 0.000000e+00 7.000000e-01 3.000000e-01
 0.000000e+00 0.000000e+00 0.000000e+00 0.000000e+00 0.000000e+00
~s "silst"
<MEAN> 25
 -1.175024e-01 -4.855830e+00 -4.021448e+00 2.601392e-01 1.330616e+00 -5.944010e-01 3.800511e+00 -2.234928e-01 -9.027129e-02 8.919122e-01 -1.064265e+00 5.971384e+00 1.327442e-01 -5.744841e-03 5.744646e-02 2.953490e-02 -4.003400e-01 -2.667466e-01 1.680446e-01 -2.370283e-01 -3.152762e-02 8.549299e-03 -2.245817e-01 -4.352945e-02 1.248264e-01
<VARIANCE> 25
 1.587287e+01 2.768748e+01 3.037939e+01 2.319683e+01 1.087880e+02 5.136891e+01 8.847076e+01 5.014755e+01 3.887849e+01 5.404131e+01 4.991938e+01 5.415388e+01 1.233205e+00 1.685131e+00 1.697400e+00 1.760582e+00 5.474933e+00 3.264314e+00 6.075426e+00 3.623460e+00 3.174640e+00 3.440090e+00 2.951650e+00 3.539475e+00 1.455158e+00
<GCONST> 1.040821e+02
~h "l2_i-l2_u+l3_i"
<BEGINHMM>
<NUMSTATES> 5
<STATE> 2
<MEAN> 25
 -1.651109e-08 -2.268430e-07 1.259320e-08 1.165062e-07 -3.503200e-08 7.789977e-08 -6.306777e-08 1.437152e-07 -9.648429e-08 -8.998416e-08 1.010382e-07 -1.644749e-08 3.964178e-03 4.991033e-03 -2.259726e-03 -8.660138e-04 -1.980516e-03 2.296586e-03 -1.050157e-04 -6.062090e-03 -3.834328e-04 3.311979e-04 1.732379e-04 -2.677502e-03 -2.030911e-03
<VARIANCE> 25
 3.382748e+01 3.628031e+01 4.600648e+01 2.294502e+01 9.100511e+01 4.563913e+01 5.834692e+01 5.632589e+01 3.456791e+01 4.004803e+01 4.066158e+01 4.632240e+01 1.656153e+00 1.407841e+00 1.798202e+00 1.585461e+00 4.502382e+00 2.970210e+00 3.744460e+00 3.177201e+00 2.837936e+00 2.797859e+00 2.639533e+00 2.465156e+00 1.004578e+00
<GCONST> 1.021376e+02
<STATE> 3
<MEAN> 25
 -1.651109e-08 -2.268430e-07 1.259320e-08 1.165062e-07 -3.503200e-08 7.789977e-08 -6.306777e-08 1.437152e-07 -9.648429e-08 -8.998416e-08 1.010382e-07 -1.644749e-08 3.964178e-03 4.991033e-03 -2.259726e-03 -8.660138e-04 -1.980516e-03 2.296586e-03 -1.050157e-04 -6.062090e-03 -3.834328e-04 3.311979e-04 1.732379e-04 -2.677502e-03 -2.030911e-03
<VARIANCE> 25
 3.382748e+01 3.628031e+01 4.600648e+01 2.294502e+01 9.100511e+01 4.563913e+01 5.834692e+01 5.632589e+01 3.456791e+01 4.004803e+01 4.066158e+01 4.632240e+01 1.656153e+00 1.407841e+00 1.798202e+00 1.585461e+00 4.502382e+00 2.970210e+00 3.744460e+00 3.177201e+00 2.837936e+00 2.797859e+00 2.639533e+00 2.465156e+00 1.004578e+00
<GCONST> 1.021376e+02
<STATE> 4
<MEAN> 25
 -1.651109e-08 -2.268430e-07 1.259320e-08 1.165062e-07 -3.503200e-08 7.789977e-08 -6.306777e-08 1.437152e-07 -9.648429e-08 -8.998416e-08 1.010382e-07 -1.644749e-08 3.964178e-03 4.991033e-03 -2.259726e-03 -8.660138e-04 -1.980516e-03 2.296586e-03 -1.050157e-04 -6.062090e-03 -3.834328e-04 3.311979e-04 1.732379e-04 -2.677502e-03 -2.030911e-03
<VARIANCE> 25
 3.382748e+01 3.628031e+01 4.600648e+01 2.294502e+01 9.100511e+01 4.563913e+01 5.834692e+01 5.632589e+01 3.456791e+01 4.004803e+01 4.066158e+01 4.632240e+01 1.656153e+00 1.407841e+00 1.798202e+00 1.585461e+00 4.502382e+00 2.970210e+00 3.744460e+00 3.177201e+00 2.837936e+00 2.797859e+00 2.639533e+00 2.465156e+00 1.004578e+00
<GCONST> 1.021376e+02
~t "T_l2_u"
<ENDHMM>
~h "l2_i-l2_u+l3_u"
<BEGINHMM>
<NUMSTATES> 5
<STATE> 2
<MEAN> 25
 -1.651109e-08 -2.268430e-07 1.259320e-08 1.165062e-07 -3.503200e-08 7.789977e-08 -6.306777e-08 1.437152e-07 -9.648429e-08 -8.998416e-08 1.010382e-07 -1.644749e-08 3.964178e-03 4.991033e-03 -2.259726e-03 -8.660138e-04 -1.980516e-03 2.296586e-03 -1.050157e-04 -6.062090e-03 -3.834328e-04 3.311979e-04 1.732379e-04 -2.677502e-03 -2.030911e-03
<VARIANCE> 25
 3.382748e+01 3.628031e+01 4.600648e+01 2.294502e+01 9.100511e+01 4.563913e+01 5.834692e+01 5.632589e+01 3.456791e+01 4.004803e+01 4.066158e+01 4.632240e+01 1.656153e+00 1.407841e+00 1.798202e+00 1.585461e+00 4.502382e+00 2.970210e+00 3.744460e+00 3.177201e+00 2.837936e+00 2.797859e+00 2.639533e+00 2.465156e+00 1.004578e+00
<GCONST> 1.021376e+02
<STATE> 3
<MEAN> 25
 -1.651109e-08 -2.268430e-07 1.259320e-08 1.165062e-07 -3.503200e-08 7.789977e-08 -6.306777e-08 1.437152e-07 -9.648429e-08 -8.998416e-08 1.010382e-07 -1.644749e-08 3.964178e-03 4.991033e-03 -2.259726e-03 -8.660138e-04 -1.980516e-03 2.296586e-03 -1.050157e-04 -6.062090e-03 -3.834328e-04 3.311979e-04 1.732379e-04 -2.677502e-03 -2.030911e-03
<VARIANCE> 25
 3.382748e+01 3.628031e+01 4.600648e+01 2.294502e+01 9.100511e+01 4.563913e+01 5.834692e+01 5.632589e+01 3.456791e+01 4.004803e+01 4.066158e+01 4.632240e+01 1.656153e+00 1.407841e+00 1.798202e+00 1.585461e+00 4.502382e+00 2.970210e+00 3.744460e+00 3.177201e+00 2.837936e+00 2.797859e+00 2.639533e+00 2.465156e+00 1.004578e+00
<GCONST> 1.021376e+02
<STATE> 4
<MEAN> 25
 -1.651109e-08 -2.268430e-07 1.259320e-08 1.165062e-07 -3.503200e-08 7.789977e-08 -6.306777e-08 1.437152e-07 -9.648429e-08 -8.998416e-08 1.010382e-07 -1.644749e-08 3.964178e-03 4.991033e-03 -2.259726e-03 -8.660138e-04 -1.980516e-03 2.296586e-03 -1.050157e-04 -6.062090e-03 -3.834328e-04 3.311979e-04 1.732379e-04 -2.677502e-03 -2.030911e-03
<VARIANCE> 25
 3.382748e+01 3.628031e+01 4.600648e+01 2.294502e+01 9.100511e+01 4.563913e+01 5.834692e+01 5.632589e+01 3.456791e+01 4.004803e+01 4.066158e+01 4.632240e+01 1.656153e+00 1.407841e+00 1.798202e+00 1.585461e+00 4.502382e+00 2.970210e+00 3.744460e+00 3.177201e+00 2.837936e+00 2.797859e+00 2.639533e+00 2.465156e+00 1.004578e+00
<GCONST> 1.021376e+02
~t "T_l2_u"
<ENDHMM>
~h "l1_u+l1_i"
<BEGINHMM>
<NUMSTATES> 5
<STATE> 2
<MEAN> 25
 -4.483163e+00 5.511762e+00 -1.772121e+00 2.505608e+00 -3.477774e+00 -9.237598e+00 2.861272e+00 -4.136135e+00 1.019845e+00 1.156987e+00 3.093266e+00 1.327769e+01 2.878055e-01 -1.647099e-01 -1.313292e-01 -1.454117e-01 -1.091493e-01 -2.666537e-01 9.047094e-01 5.261024e-01 4.108813e-01 -4.469638e-02 -8.396903e-01 3.816357e-01 4.935640e-02
<VARIANCE> 25
 6.960038e+00 2.198713e+01 1.026600e+01 9.079005e+00 2.072176e+01 2.176692e+01 5.796747e+01 2.725755e+01 1.503307e+01 4.153015e+01 4.334066e+01 2.719234e+01 1.300757e+00 2.412802e+00 9.847506e-01 1.138499e+00 2.508869e+00 2.135723e+00 6.813192e+00 2.681577e+00 2.176080e+00 3.679428e+00 3.703751e+00 4.632529e+00 1.311221e-01
<GCONST> 9.123094e+01
<STATE> 3
<MEAN> 25
 3.401252e+00 -3.741785e+00 -4.111728e+00 2.936181e+00 -3.380692e+00 -2.929493e+00 6.580794e+00 1.905868e+00 1.770630e+00 -3.352877e-01 -7.332018e+00 5.114236e+00 4.095756e-01 -7.612990e-02 -2.402155e-01 7.115250e-02 1.205887e-01 1.184736e-01 -1.044758e+00 -4.901446e-01 -2.445282e-01 -1.187477e-01 4.150034e-01 -7.483018e-01 -3.411400e-01
<VARIANCE> 25
 1.305697e+01 9.808546e+00 1.610291e+01 1.188046e+01 1.415935e+01 9.381558e+01 5.689122e+01 5.417340e+01 2.947742e+01 2.189562e+01 4.425009e+01 2.696046e+01 1.619584e-01 1.370088e+00 5.079381e-01 1.132512e+00 1.396768e+00 2.764508e+00 2.774552e+00 2.596895e+00 2.336267e+00 1.672811e+00 2.812961e+00 1.775531e+00 1.162594e-01
<GCONST> 8.691935e+01
<STATE> 4
<MEAN> 25
 3.384683e+00 7.211462e-01 -2.612213e+00 -2.011666e+00 5.083758e-01 1.640980e+00 -1.447808e+00 -3.096884e+00 7.370530e-01 -5.358944e-01 -1.369660e+00 -4.549772e+00 -9.872110e-02 4.845020e-02 4.227751e-02 -4.320376e-02 3.889490e-02 5.905591e-02 6.189893e-03 6.871242e-02 -1.113316e-03 3.795251e-02 2.786288e-02 -6.495057e-02 3.462494e-02
<VARIANCE> 25
 1.791340e+01 1.785456e+01 3.435503e+01 2.141873e+01 9.027904e+01 4.830311e+01 5.667382e+01 3.488111e+01 4.911024e+01 4.078910e+01 2.664217e+01 2.585863e+01 1.002725e+00 6.526554e-01 1.349000e+00 1.547901e+00 3.485375e+00 2.714009e+00 3.544178e+00 2.511184e+00 3.619879e+00 2.316348e+00 2.485723e+00 1.918901e+00 5.056546e-01
<GCONST> 9.617522e+01
~t "T_l1_u"
<ENDHMM>
~h "l1_u-l1_i+l2_i"
<BEGINHMM>
<NUMSTATES> 5
<STATE> 2
<MEAN> 25
 -1.570743e-01 -1.108683e+00 7.728362e+00 -1.244438e+00 -1.043937e+01 -1.910034e+00 4.271117e+00 -3.531532e+00 1.109641e-01 2.688938e+00 6.170418e-01 3.072860e-01 5.536181e-02 1.886529e-01 1.796626e-01 1.334127e-01 -6.529231e-02 -1.628250e-03 -5.484036e-02 -1.680833e-01 -1.816835e-02 -1.703277e-02 1.968426e-01 -9.020742e-03 -1.233794e-01
<VARIANCE> 25
 3.856569e+00 1.473753e+01 3.500763e+01 1.436797e+01 3.482347e+01 1.512898e+01 4.640342e+01 9.019331e+01 2.607058e+01 2.256461e+01 1.034542e+01 1.505509e+01 1.685634e-01 6.744902e-01 1.517388e+00 9.996328e-01 2.906873e+00 1.626206e+00 2.455863e+00 2.608096e+00 2.579719e+00 2.122918e+00 1.143624e+00 1.367248e+00 3.155337e-01
<GCONST> 8.488614e+01
<STATE> 3
<MEAN> 25
 1.693073e+00 -9.833102e-01 1.482151e+00 5.412255e-01 -6.271920e+00 -1.516876e+00 3.690278e+00 3.448711e-01 -2.683953e+00 -5.784311e-01 -2.566078e+00 -1.652732e+00 9.251693e-04 8.879241e-03 -5.961100e-02 -3.968689e-02 5.431429e-02 7.310587e-02 1.353423e-02 1.267710e-01 4.473040e-02 -5.850820e-03 -8.149098e-02 -1.778362e-02 1.090706e-02
<VARIANCE> 25
 1.275795e+01 3.583198e+01 3.120425e+01 1.323296e+01 5.943061e+01 4.637487e+01 5.325901e+01 6.541573e+01 4.113752e+01 3.166681e+01 3.024377e+01 2.030654e+01 1.065298e+00 1.558610e+00 1.616774e+00 1.375511e+00 4.963070e+00 3.744099e+00 4.457816e+00 4.054976e+00 3.497676e+00 2.920581e+00 1.865264e+00 2.211191e+00 9.934362e-01
<GCONST> 9.862247e+01
<STATE> 4
<MEAN> 25
 1.846259e+00 2.788565e+00 -1.604427e-01 -2.561378e+00 9.896503e-01 2.750200e+00 -8.046407e-01 -9.587103e-01 2.419422e+00 6.395653e-01 -5.052896e-02 -3.848920e-01 4.805128e-02 -7.925851e-02 -4.185399e-02 2.449111e-02 9.475035e-02 -1.370343e-02 -1.004144e-01 -8.304534e-03 -7.176577e-02 5.793282e-03 4.570250e-02 2.381631e-02 -8.776857e-02
<VARIANCE> 25
 2.670694e+01 2.366109e+01 5.448090e+01 3.934129e+01 5.981406e+01 7.081483e+01 6.048236e+01 5.198322e+01 3.418758e+01 5.041386e+01 2.980805e+01 2.380014e+01 1.600261e+00 8.637191e-01 2.321079e+00 2.072546e+00 3.529930e+00 3.311695e+00 3.337508e+00 4.234444e+00 2.937103e+00 3.273773e+00 2.197322e+00 2.534137e+00 7.312970e-01
<GCONST> 1.011562e+02
~t "T_l1_i"
<ENDHMM>
~h "l1_u-l1_i+l2_u"
<BEGINHMM>
<NUMSTATES> 5
<STATE> 2
<MEAN> 25
 -1.570743e-01 -1.108683e+00 7.728362e+00 -1.244438e+00 -1.043937e+01 -1.910034e+00 4.271117e+00 -3.531532e+00 1.109641e-01 2.688938e+00 6.170418e-01 3.072860e-01 5.536181e-02 1.886529e-01 1.796626e-01 1.334127e-01 -6.529231e-02 -1.628250e-03 -5.484036e-02 -1.680833e-01 -1.816835e-02 -1.703277e-02 1.968426e-01 -9.020742e-03 -1.233794e-01
<VARIANCE> 25
 3.856569e+00 1.473753e+01 3.500763e+01 1.436797e+01 3.482347e+01 1.512898e+01 4.640342e+01 9.019331e+01 2.607058e+01 2.256461e+01 1.034542e+01 1.505509e+01 1.685634e-01 6.744902e-01 1.517388e+00 9.996328e-01 2.906873e+00 1.626206e+00 2.455863e+00 2.608096e+00 2.579719e+00 2.122918e+00 1.143624e+00 1.367248e+00 3.155337e-01
<GCONST> 8.488614e+01
<STATE> 3
<MEAN> 25
 1.693073e+00 -9.833102e-01 1.482151e+00 5.412255e-01 -6.271920e+00 -1.516876e+00 3.690278e+00 3.448711e-01 -2.683953e+00 -5.784311e-01 -2.566078e+00 -1.652732e+00 9.251693e-04 8.879241e-03 -5.961100e-02 -3.968689e-02 5.431429e-02 7.310587e-02 1.353423e-02 1.267710e-01 4.473040e-02 -5.850820e-03 -8.149098e-02 -1.778362e-02 1.090706e-02
<VARIANCE> 25
 1.275795e+01 3.583198e+01 3.120425e+01 1.323296e+01 5.943061e+01 4.637487e+01 5.325901e+01 6.541573e+01 4.113752e+01 3.166681e+01 3.024377e+01 2.030654e+01 1.065298e+00 1.558610e+00 1.616774e+00 1.375511e+00 4.963070e+00 3.744099e+00 4.457816e+00 4.054976e+00 3.497676e+00 2.920581e+00 1.865264e+00 2.211191e+00 9.934362e-01
<GCONST> 9.862247e+01
<STATE> 4
<MEAN> 25
 1.846259e+00 2.788565e+00 -1.604427e-01 -2.561378e+00 9.896503e-01 2.750200e+00 -8.046407e-01 -9.587103e-01 2.419422e+00 6.395653e-01 -5.052896e-02 -3.848920e-01 4.805128e-02 -7.925851e-02 -4.185399e-02 2.449111e-02 9.475035e-02 -1.370343e-02 -1.004144e-01 -8.304534e-03 -7.176577e-02 5.793282e-03 4.570250e-02 2.381631e-02 -8.776857e-02
<VARIANCE> 25
 2.670694e+01 2.366109e+01 5.448090e+01 3.934129e+01 5.981406e+01 7.081483e+01 6.048236e+01 5.198322e+01 3.418758e+01 5.041386e+01 2.980805e+01 2.380014e+01 1.600261e+00 8.637191e-01 2.321079e+00 2.072546e+00 3.529930e+00 3.311695e+00 3.337508e+00 4.234444e+00 2.937103e+00 3.273773e+00 2.197322e+00 2.534137e+00 7.312970e-01
<GCONST> 1.011562e+02
~t "T_l1_i"
<ENDHMM>
~h "l3_i-l3_u+l4_i"
<BEGINHMM>
<NUMSTATES> 5
<STATE> 2
<MEAN> 25
 -1.651109e-08 -2.268430e-07 1.259320e-08 1.165062e-07 -3.503200e-08 7.789977e-08 -6.306777e-08 1.437152e-07 -9.648429e-08 -8.998416e-08 1.010382e-07 -1.644749e-08 3.964178e-03 4.991033e-03 -2.259726e-03 -8.660138e-04 -1.980516e-03 2.296586e-03 -1.050157e-04 -6.062090e-03 -3.834328e-04 3.311979e-04 1.732379e-04 -2.677502e-03 -2.030911e-03
<VARIANCE> 25
 3.382748e+01 3.628031e+01 4.600648e+01 2.294502e+01 9.100511e+01 4.563913e+01 5.834692e+01 5.632589e+01 3.456791e+01 4.004803e+01 4.066158e+01 4.632240e+01 1.656153e+00 1.407841e+00 1.798202e+00 1.585461e+00 4.502382e+00 2.970210e+00 3.744460e+00 3.177201e+00 2.837936e+00 2.797859e+00 2.639533e+00 2.465156e+00 1.004578e+00
<GCONST> 1.021376e+02
<STATE> 3
<MEAN> 25
 -1.651109e-08 -2.268430e-07 1.259320e-08 1.165062e-07 -3.503200e-08 7.789977e-08 -6.306777e-08 1.437152e-07 -9.648429e-08 -8.998416e-08 1.010382e-07 -1.644749e-08 3.964178e-03 4.991033e-03 -2.259726e-03 -8.660138e-04 -1.980516e-03 2.296586e-03 -1.050157e-04 -6.062090e-03 -3.834328e-04 3.311979e-04 1.732379e-04 -2.677502e-03 -2.030911e-03
<VARIANCE> 25
 3.382748e+01 3.628031e+01 4.600648e+01 2.294502e+01 9.100511e+01 4.563913e+01 5.834692e+01 5.632589e+01 3.456791e+01 4.004803e+01 4.066158e+01 4.632240e+01 1.656153e+00 1.407841e+00 1.798202e+00 1.585461e+00 4.502382e+00 2.970210e+00 3.744460e+00 3.177201e+00 2.837936e+00 2.797859e+00 2.639533e+00 2.465156e+00 1.004578e+00
<GCONST> 1.021376e+02
<STATE> 4
<MEAN> 25
 -1.651109e-08 -2.268430e-07 1.259320e-08 1.165062e-07 -3.503200e-08 7.789977e-08 -6.306777e-08 1.437152e-07 -9.648429e-08 -8.998416e-08 1.010382e-07 -1.644749e-08 3.964178e-03 4.991033e-03 -2.259726e-03 -8.660138e-04 -1.980516e-03 2.296586e-03 -1.050157e-04 -6.062090e-03 -3.834328e-04 3.311979e-04 1.732379e-04 -2.677502e-03 -2.030911e-03
<VARIANCE> 25
 3.382748e+01 3.628031e+01 4.600648e+01 2.294502e+01 9.100511e+01 4.563913e+01 5.834692e+01 5.632589e+01 3.456791e+01 4.004803e+01 4.066158e+01 4.632240e+01 1.656153e+00 1.407841e+00 1.798202e+00 1.585461e+00 4.502382e+00 2.970210e+00 3.744460e+00 3.177201e+00 2.837936e+00 2.797859e+00 2.639533e+00 2.465156e+00 1.004578e+00
<GCONST> 1.021376e+02
~t "T_l3_u"
<ENDHMM>
~h "l3_i-l3_u+l4_u"
<BEGINHMM>
<NUMSTATES> 5
<STATE> 2
<MEAN> 25
 -1.651109e-08 -2.268430e-07 1.259320e-08 1.165062e-07 -3.503200e-08 7.789977e-08 -6.306777e-08 1.437152e-07 -9.648429e-08 -8.998416e-08 1.010382e-07 -1.644749e-08 3.964178e-03 4.991033e-03 -2.259726e-03 -8.660138e-04 -1.980516e-03 2.296586e-03 -1.050157e-04 -6.062090e-03 -3.834328e-04 3.311979e-04 1.732379e-04 -2.677502e-03 -2.030911e-03
<VARIANCE> 25
 3.382748e+01 3.628031e+01 4.600648e+01 2.294502e+01 9.100511e+01 4.563913e+01 5.834692e+01 5.632589e+01 3.456791e+01 4.004803e+01 4.066158e+01 4.632240e+01 1.656153e+00 1.407841e+00 1.798202e+00 1.585461e+00 4.502382e+00 2.970210e+00 3.744460e+00 3.177201e+00 2.837936e+00 2.797859e+00 2.639533e+00 2.465156e+00 1.004578e+00
<GCONST> 1.021376e+02
<STATE> 3
<MEAN> 25
 -1.651109e-08 -2.268430e-07 1.259320e-08 1.165062e-07 -3.503200e-08 7.789977e-08 -6.306777e-08 1.437152e-07 -9.648429e-08 -8.998416e-08 1.010382e-07 -1.644749e-08 3.964178e-03 4.991033e-03 -2.259726e-03 -8.660138e-04 -1.980516e-03 2.296586e-03 -1.050157e-04 -6.062090e-03 -3.834328e-04 3.311979e-04 1.732379e-04 -2.677502e-03 -2.030911e-03
<VARIANCE> 25
 3.382748e+01 3.628031e+01 4.600648e+01 2.294502e+01 9.100511e+01 4.563913e+01 5.834692e+01 5.632589e+01 3.456791e+01 4.004803e+01 4.066158e+01 4.632240e+01 1.656153e+00 1.407841e+00 1.798202e+00 1.585461e+00 4.502382e+00 2.970210e+00 3.744460e+00 3.177201e+00 2.837936e+00 2.797859e+00 2.639533e+00 2.465156e+00 1.004578e+00
<GCONST> 1.021376e+02
<STATE> 4
<MEAN> 25
 -1.651109e-08 -2.268430e-07 1.259320e-08 1.165062e-07 -3.503200e-08 7.789977e-08 -6.306777e-08 1.437152e-07 -9.648429e-08 -8.998416e-08 1.010382e-07 -1.644749e-08 3.964178e-03 4.991033e-03 -2.259726e-03 -8.660138e-04 -1.980516e-03 2.296586e-03 -1.050157e-04 -6.062090e-03 -3.834328e-04 3.311979e-04 1.732379e-04 -2.677502e-03 -2.030911e-03
<VARIANCE> 25
 3.382748e+01 3.628031e+01 4.600648e+01 2.294502e+01 9.100511e+01 4.563913e+01 5.834692e+01 5.632589e+01 3.456791e+01 4.004803e+01 4.066158e+01 4.632240e+01 1.656153e+00 1.407841e+00 1.798202e+00 1.585461e+00 4.502382e+00 2.970210e+00 3.744460e+00 3.177201e+00 2.837936e+00 2.797859e+00 2.639533e+00 2.465156e+00 1.004578e+00
<GCONST> 1.021376e+02
~t "T_l3_u"
<ENDHMM>
~h "l4_u-l4_i+l5_i"
<BEGINHMM>
<NUMSTATES> 5
<STATE> 2
<MEAN> 25
 -1.651109e-08 -2.268430e-07 1.259320e-08 1.165062e-07 -3.503200e-08 7.789977e-08 -6.306777e-08 1.437152e-07 -9.648429e-08 -8.998416e-08 1.010382e-07 -1.644749e-08 3.964178e-03 4.991033e-03 -2.259726e-03 -8.660138e-04 -1.980516e-03 2.296586e-03 -1.050157e-04 -6.062090e-03 -3.834328e-04 3.311979e-04 1.732379e-04 -2.677502e-03 -2.030911e-03
<VARIANCE> 25
 3.382748e+01 3.628031e+01 4.600648e+01 2.294502e+01 9.100511e+01 4.563913e+01 5.834692e+01 5.632589e+01 3.456791e+01 4.004803e+01 4.066158e+01 4.632240e+01 1.656153e+00 1.407841e+00 1.798202e+00 1.585461e+00 4.502382e+00 2.970210e+00 3.744460e+00 3.177201e+00 2.837936e+00 2.797859e+00 2.639533e+00 2.465156e+00 1.004578e+00
<GCONST> 1.021376e+02
<STATE> 3
<MEAN> 25
 -1.651109e-08 -2.268430e-07 1.259320e-08 1.165062e-07 -3.503200e-08 7.789977e-08 -6.306777e-08 1.437152e-07 -9.648429e-08 -8.998416e-08 1.010382e-07 -1.644749e-08 3.964178e-03 4.991033e-03 -2.259726e-03 -8.660138e-04 -1.980516e-03 2.296586e-03 -1.050157e-04 -6.062090e-03 -3.834328e-04 3.311979e-04 1.732379e-04 -2.677502e-03 -2.030911e-03
<VARIANCE> 25
 3.382748e+01 3.628031e+01 4.600648e+01 2.294502e+01 9.100511e+01 4.563913e+01 5.834692e+01 5.632589e+01 3.456791e+01 4.004803e+01 4.066158e+01 4.632240e+01 1.656153e+00 1.407841e+00 1.798202e+00 1.585461e+00 4.502382e+00 2.970210e+00 3.744460e+00 3.177201e+00 2.837936e+00 2.797859e+00 2.639533e+00 2.465156e+00 1.004578e+00
<GCONST> 1.021376e+02
<STATE> 4
<MEAN> 25
 -1.651109e-08 -2.268430e-07 1.259320e-08 1.165062e-07 -3.503200e-08 7.789977e-08 -6.306777e-08 1.437152e-07 -9.648429e-08 -8.998416e-08 1.010382e-07 -1.644749e-08 3.964178e-03 4.991033e-03 -2.259726e-03 -8.660138e-04 -1.980516e-03 2.296586e-03 -1.050157e-04 -6.062090e-03 -3.834328e-04 3.311979e-04 1.732379e-04 -2.677502e-03 -2.030911e-03
<VARIANCE> 25
 3.382748e+01 3.628031e+01 4.600648e+01 2.294502e+01 9.100511e+01 4.563913e+01 5.834692e+01 5.632589e+01 3.456791e+01 4.004803e+01 4.066158e+01 4.632240e+01 1.656153e+00 1.407841e+00 1.798202e+00 1.585461e+00 4.502382e+00 2.970210e+00 3.744460e+00 3.177201e+00 2.837936e+00 2.797859e+00 2.639533e+00 2.465156e+00 1.004578e+00
<GCONST> 1.021376e+02
~t "T_l4_i"
<ENDHMM>
~h "l4_u-l4_i+l5_u"
<BEGINHMM>
<NUMSTATES> 5
<STATE> 2
<MEAN> 25
 -1.651109e-08 -2.268430e-07 1.259320e-08 1.165062e-07 -3.503200e-08 7.789977e-08 -6.306777e-08 1.437152e-07 -9.648429e-08 -8.998416e-08 1.010382e-07 -1.644749e-08 3.964178e-03 4.991033e-03 -2.259726e-03 -8.660138e-04 -1.980516e-03 2.296586e-03 -1.050157e-04 -6.062090e-03 -3.834328e-04 3.311979e-04 1.732379e-04 -2.677502e-03 -2.030911e-03
<VARIANCE> 25
 3.382748e+01 3.628031e+01 4.600648e+01 2.294502e+01 9.100511e+01 4.563913e+01 5.834692e+01 5.632589e+01 3.456791e+01 4.004803e+01 4.066158e+01 4.632240e+01 1.656153e+00 1.407841e+00 1.798202e+00 1.585461e+00 4.502382e+00 2.970210e+00 3.744460e+00 3.177201e+00 2.837936e+00 2.797859e+00 2.639533e+00 2.465156e+00 1.004578e+00
<GCONST> 1.021376e+02
<STATE> 3
<MEAN> 25
 -1.651109e-08 -2.268430e-07 1.259320e-08 1.165062e-07 -3.503200e-08 7.789977e-08 -6.306777e-08 1.437152e-07 -9.648429e-08 -8.998416e-08 1.010382e-07 -1.644749e-08 3.964178e-03 4.991033e-03 -2.259726e-03 -8.660138e-04 -1.980516e-03 2.296586e-03 -1.050157e-04 -6.062090e-03 -3.834328e-04 3.311979e-04 1.732379e-04 -2.677502e-03 -2.030911e-03
<VARIANCE> 25
 3.382748e+01 3.628031e+01 4.600648e+01 2.294502e+01 9.100511e+01 4.563913e+01 5.834692e+01 5.632589e+01 3.456791e+01 4.004803e+01 4.066158e+01 4.632240e+01 1.656153e+00 1.407841e+00 1.798202e+00 1.585461e+00 4.502382e+00 2.970210e+00 3.744460e+00 3.177201e+00 2.837936e+00 2.797859e+00 2.639533e+00 2.465156e+00 1.004578e+00
<GCONST> 1.021376e+02
<STATE> 4
<MEAN> 25
 -1.651109e-08 -2.268430e-07 1.259320e-08 1.165062e-07 -3.503200e-08 7.789977e-08 -6.306777e-08 1.437152e-07 -9.648429e-08 -8.998416e-08 1.010382e-07 -1.644749e-08 3.964178e-03 4.991033e-03 -2.259726e-03 -8.660138e-04 -1.980516e-03 2.296586e-03 -1.050157e-04 -6.062090e-03 -3.834328e-04 3.311979e-04 1.732379e-04 -2.677502e-03 -2.030911e-03
<VARIANCE> 25
 3.382748e+01 3.628031e+01 4.600648e+01 2.294502e+01 9.100511e+01 4.563913e+01 5.834692e+01 5.632589e+01 3.456791e+01 4.004803e+01 4.066158e+01 4.632240e+01 1.656153e+00 1.407841e+00 1.798202e+00 1.585461e+00 4.502382e+00 2.970210e+00 3.744460e+00 3.177201e+00 2.837936e+00 2.797859e+00 2.639533e+00 2.465156e+00 1.004578e+00
<GCONST> 1.021376e+02
~t "T_l4_i"
<ENDHMM>
~h "l1_u-l2_i+l2_u"
<BEGINHMM>
<NUMSTATES> 5
<STATE> 2
<MEAN> 25
 6.021810e-02 -3.939933e+00 -1.976902e+00 3.009128e+00 -9.825853e-01 -3.105780e+00 1.306785e+00 -1.477055e+00 -2.204087e+00 -2.704900e+00 -2.340449e+00 2.740659e+00 -8.802628e-03 -4.238782e-01 -2.945980e-01 1.073727e-01 2.844289e-01 4.300756e-01 -1.323022e-01 8.210685e-03 5.342810e-01 -1.235067e-01 -2.836875e-01 1.046848e-01 1.703764e-01
<VARIANCE> 25
 1.287345e+01 3.222810e+01 3.063399e+01 1.376235e+01 5.677377e+01 3.777386e+01 6.648190e+01 8.948605e+01 5.886211e+01 3.349454e+01 3.723773e+01 2.958849e+01 1.036038e+00 2.033959e+00 1.902674e+00 1.609410e+00 7.179654e+00 4.208220e+00 7.732793e+00 5.200680e+00 8.044971e+00 2.960503e+00 4.848737e+00 3.035534e+00 1.746544e+00
<GCONST> 1.043562e+02
<STATE> 3
<MEAN> 25
 1.676047e+00 -3.623079e+00 -3.892072e+00 1.608049e+00 1.901037e+00 1.198238e+00 -2.480799e-02 -4.457005e-01 1.231312e+00 -1.726259e+00 -3.430623e+00 6.804295e-01 -1.536156e-02 2.492926e-01 2.388113e-01 -6.605045e-02 -3.907622e-01 -1.838265e-01 1.806767e-01 -7.231687e-02 -8.667639e-03 1.085811e-01 1.779922e-01 -5.132631e-02 -8.469377e-02
<VARIANCE> 25
 1.128441e+01 2.228355e+01 2.075799e+01 1.125935e+01 6.137392e+01 2.814645e+01 5.814091e+01 4.632834e+01 5.120096e+01 2.638521e+01 2.638202e+01 3.082597e+01 7.896711e-01 1.554410e+00 1.427281e+00 1.144666e+00 6.419488e+00 3.076444e+00 3.393460e+00 4.406826e+00 4.263366e+00 2.606903e+00 2.211870e+00 2.726357e+00 8.064285e-01
<GCONST> 9.656480e+01
<STATE> 4
<MEAN> 25
 -1.484892e+00 3.247751e+00 2.517428e+00 -1.877233e+00 -1.270504e+00 -1.709534e+00 -1.385714e+00 1.069799e+00 -3.548520e-01 7.898468e-01 2.050010e-02 -3.465664e+00 -2.911850e-04 7.576046e-03 4.360586e-02 -4.039959e-03 1.475428e-01 7.072358e-02 -4.238304e-02 7.420757e-02 -5.423723e-02 -9.898332e-02 -1.167931e-02 -5.176697e-02 -7.226722e-03
<VARIANCE> 25
 5.337759e+01 2.538833e+01 3.745330e+01 1.562344e+01 7.019025e+01 5.341404e+01 3.889939e+01 3.981057e+01 2.799300e+01 3.223520e+01 3.194397e+01 2.031558e+01 3.932029e+00 2.201666e+00 2.273645e+00 1.179276e+00 5.966998e+00 2.875103e+00 3.245476e+00 3.066947e+00 3.062053e+00 2.590692e+00 2.157288e+00 1.949226e+00 1.099322e+00
<GCONST> 1.002722e+02
~t "T_l2_i"
<ENDHMM>
~h "l3_i-l4_u+l4_i"
<BEGINHMM>
<NUMSTATES> 5
<STATE> 2
<MEAN> 25
 -9.261079e-01 -3.347785e+00 -2.962818e-01 1.196359e+00 -4.851312e+00 -4.183730e+00 2.965565e+00 -1.390729e+00 1.917507e+00 5.889779e+00 5.848207e+00 1.420918e+01 6.760886e-02 -1.241466e-01 -1.973815e-01 -1.676484e-02 8.311886e-02 -6.360291e-02 2.701147e-01 3.379996e-02 9.740625e-03 5.696091e-02 -4.373345e-02 1.954967e-01 2.236850e-02
<VARIANCE> 25
 1.467822e+01 3.452603e+01 4.825476e+01 2.113564e+01 1.080950e+02 2.036764e+01 4.853544e+01 4.791146e+01 3.733419e+01 9.208356e+01 8.031851e+01 6.307966e+01 6.797751e-01 1.313691e+00 2.181194e+00 1.950602e+00 3.460927e+00 1.714078e+00 3.469025e+00 3.094592e+00 2.884727e+00 4.551060e+00 3.337601e+00 3.790449e+00 5.377330e-01
<GCONST> 1.012050e+02
<STATE> 3
<MEAN> 25
 -1.274742e-01 3.079847e-01 -1.122369e+00 1.514932e+00 -4.667967e+00 -5.100514e+00 3.165308e+00 -1.573220e+00 -1.656063e+00 9.143488e-01 -2.365527e+00 2.285551e+00 -6.105836e-03 1.314481e-01 1.162940e-01 1.127114e-02 7.283711e-02 4.576118e-03 -2.438682e-01 -5.094291e-02 5.903736e-02 -4.024686e-02 -5.114809e-02 -3.411450e-01 -4.093022e-02
<VARIANCE> 25
 2.643963e+01 1.793347e+01 2.569885e+01 1.229593e+01 4.397200e+01 3.138054e+01 6.724728e+01 4.651416e+01 4.249308e+01 5.072096e+01 6.766928e+01 6.000876e+01 1.903812e+00 1.596449e+00 2.040381e+00 1.112191e+00 2.577850e+00 3.497816e+00 6.544889e+00 4.644886e+00 3.603181e+00 3.588274e+00 3.856060e+00 3.990881e+00 1.158458e+00
<GCONST> 1.021117e+02
<STATE> 4
<MEAN> 25
 1.950483e+00 1.143506e+00 -1.882440e+00 -1.061197e+00 6.365976e+00 3.505295e+00 -3.959302e+00 -2.313195e+00 8.453221e-01 -2.341838e+00 -1.493963e+00 -5.734547e+00 -4.900445e-02 -4.114567e-02 3.904335e-02 2.606981e-02 2.551371e-02 1.026608e-01 8.683208e-02 4.612537e-02 -1.164845e-02 5.609118e-03 8.467640e-02 -1.809440e-02 1.875392e-02
<VARIANCE> 25
 4.467086e+01 2.301043e+01 5.472229e+01 2.944526e+01 1.021165e+02 5.600653e+01 3.663845e+01 3.451175e+01 3.321091e+01 3.438262e+01 3.251600e+01 2.305168e+01 1.999784e+00 1.260547e+00 2.591520e+00 1.680624e+00 3.932445e+00 3.429832e+00 3.528596e+00 2.739069e+00 3.312468e+00 3.102156e+00 2.949686e+00 2.253844e+00 7.031156e-01
<GCONST> 1.008591e+02
~t "T_l4_u"
<ENDHMM>
~h "l4_u-l5_i+l5_u"
<BEGINHMM>
<NUMSTATES> 5
<STATE> 2
<MEAN> 25
 5.974102e+00 -6.087759e+00 -1.048914e+01 1.980618e+00 9.726292e-01 5.176534e+00 -1.474321e+00 1.515590e+00 5.924411e-01 1.522351e+00 -6.490772e+00 1.397043e+00 -1.586673e-01 -6.426189e-03 2.183372e-01 1.397147e-01 -1.486676e-01 5.261791e-01 1.845674e-01 -4.102888e-01 -1.003620e-01 8.246347e-03 3.877407e-01 2.653355e-01 7.833875e-02
<VARIANCE> 25
 3.231319e+01 1.076464e+01 1.532923e+01 9.756426e+00 5.780586e+01 2.982511e+01 4.385233e+01 7.349325e+01 1.356471e+01 6.079444e+00 1.776947e+01 1.859757e+01 4.540941e-01 5.507392e-01 1.321952e+00 1.469805e+00 5.179994e+00 2.364085e+00 4.025829e+00 3.645492e+00 1.217994e+00 8.500182e-01 8.018558e-01 1.099729e+00 3.246934e-01
<GCONST> 8.580350e+01
<STATE> 3
<MEAN> 25
 -3.039716e+00 2.299057e+00 -8.040439e-01 3.076455e+00 3.875524e+00 9.382794e-01 5.679470e-02 1.690184e+00 1.645964e+00 3.107217e+00 5.674451e+00 6.587577e-01 3.561783e-02 3.316626e-02 2.768539e-02 -4.910956e-02 4.213502e-02 -1.834060e-02 -1.228409e-01 1.076675e-02 2.094498e-02 2.987822e-02 6.766939e-02 3.250575e-02 -1.708092e-01
<VARIANCE> 25
 2.722836e+01 1.306782e+01 2.189170e+01 1.426993e+01 4.217290e+01 1.706264e+01 1.949809e+01 2.615529e+01 1.272344e+01 1.987098e+01 1.437695e+01 1.336074e+01 6.256589e-01 6.215503e-01 8.977537e-01 9.008399e-01 2.006421e+00 1.758400e+00 1.522839e+00 1.667874e+00 1.532162e+00 1.795626e+00 1.412589e+00 1.264037e+00 1.582946e-01
<GCONST> 8.195387e+01
<STATE> 4
<MEAN> 25
 2.113780e+00 9.173542e-01 4.745238e-01 9.751915e-01 -6.061008e+00 -3.025623e+00 2.149594e+00 -3.197974e+00 -6.307522e-01 -3.323362e+00 -4.466735e+00 -3.847673e-01 4.735140e-02 -5.145328e-02 -5.917630e-02 -5.712286e-02 3.583957e-02 -3.513068e-02 7.180761e-02 -3.263171e-02 -4.004400e-02 -3.762771e-02 -1.474225e-01 2.495771e-03 1.021371e-01
<VARIANCE> 25
 2.547978e+01 5.215301e+01 5.626213e+01 2.694498e+01 1.016551e+02 2.598749e+01 6.232259e+01 3.412046e+01 2.956683e+01 4.221884e+01 3.560817e+01 3.277712e+01 1.260279e+00 2.377274e+00 1.926226e+00 2.016608e+00 7.023239e+00 2.401236e+00 4.790102e+00 2.946041e+00 2.560842e+00 3.038152e+00 2.810868e+00 3.196926e+00 2.524883e+00
<GCONST> 1.032960e+02
~t "T_l5_i"
<ENDHMM>
~h "l1_i-l2_u+l2_i"
<BEGINHMM>
<NUMSTATES> 5
<STATE> 2
<MEAN> 25
 -1.651109e-08 -2.268430e-07 1.259320e-08 1.165062e-07 -3.503200e-08 7.789977e-08 -6.306777e-08 1.437152e-07 -9.648429e-08 -8.998416e-08 1.010382e-07 -1.644749e-08 3.964178e-03 4.991033e-03 -2.259726e-03 -8.660138e-04 -1.980516e-03 2.296586e-03 -1.050157e-04 -6.062090e-03 -3.834328e-04 3.311979e-04 1.732379e-04 -2.677502e-03 -2.030911e-03
<VARIANCE> 25
 3.382748e+01 3.628031e+01 4.600648e+01 2.294502e+01 9.100511e+01 4.563913e+01 5.834692e+01 5.632589e+01 3.456791e+01 4.004803e+01 4.066158e+01 4.632240e+01 1.656153e+00 1.407841e+00 1.798202e+00 1.585461e+00 4.502382e+00 2.970210e+00 3.744460e+00 3.177201e+00 2.837936e+00 2.797859e+00 2.639533e+00 2.465156e+00 1.004578e+00
<GCONST> 1.021376e+02
<STATE> 3
<MEAN> 25
 -1.651109e-08 -2.268430e-07 1.259320e-08 1.165062e-07 -3.503200e-08 7.789977e-08 -6.306777e-08 1.437152e-07 -9.648429e-08 -8.998416e-08 1.010382e-07 -1.644749e-08 3.964178e-03 4.991033e-03 -2.259726e-03 -8.660138e-04 -1.980516e-03 2.296586e-03 -1.050157e-04 -6.062090e-03 -3.834328e-04 3.311979e-04 1.732379e-04 -2.677502e-03 -2.030911e-03
<VARIANCE> 25
 3.382748e+01 3.628031e+01 4.600648e+01 2.294502e+01 9.100511e+01 4.563913e+01 5.834692e+01 5.632589e+01 3.456791e+01 4.004803e+01 4.066158e+01 4.632240e+01 1.656153e+00 1.407841e+00 1.798202e+00 1.585461e+00 4.502382e+00 2.970210e+00 3.744460e+00 3.177201e+00 2.837936e+00 2.797859e+00 2.639533e+00 2.465156e+00 1.004578e+00
<GCONST> 1.021376e+02
<STATE> 4
<MEAN> 25
 -1.651109e-08 -2.268430e-07 1.259320e-08 1.165062e-07 -3.503200e-08 7.789977e-08 -6.306777e-08 1.437152e-07 -9.648429e-08 -8.998416e-08 1.010382e-07 -1.644749e-08 3.964178e-03 4.991033e-03 -2.259726e-03 -8.660138e-04 -1.980516e-03 2.296586e-03 -1.050157e-04 -6.062090e-03 -3.834328e-04 3.311979e-04 1.732379e-04 -2.677502e-03 -2.030911e-03
<VARIANCE> 25
 3.382748e+01 3.628031e+01 4.600648e+01 2.294502e+01 9.100511e+01 4.563913e+01 5.834692e+01 5.632589e+01 3.456791e+01 4.004803e+01 4.066158e+01 4.632240e+01 1.656153e+00 1.407841e+00 1.798202e+00 1.585461e+00 4.502382e+00 2.970210e+00 3.744460e+00 3.177201e+00 2.837936e+00 2.797859e+00 2.639533e+00 2.465156e+00 1.004578e+00
<GCONST> 1.021376e+02
~t "T_l2_u"
<ENDHMM>
~h "l2_u-l3_i+l3_u"
<BEGINHMM>
<NUMSTATES> 5
<STATE> 2
<MEAN> 25
 -1.651109e-08 -2.268430e-07 1.259320e-08 1.165062e-07 -3.503200e-08 7.789977e-08 -6.306777e-08 1.437152e-07 -9.648429e-08 -8.998416e-08 1.010382e-07 -1.644749e-08 3.964178e-03 4.991033e-03 -2.259726e-03 -8.660138e-04 -1.980516e-03 2.296586e-03 -1.050157e-04 -6.062090e-03 -3.834328e-04 3.311979e-04 1.732379e-04 -2.677502e-03 -2.030911e-03
<VARIANCE> 25
 3.382748e+01 3.628031e+01 4.600648e+01 2.294502e+01 9.100511e+01 4.563913e+01 5.834692e+01 5.632589e+01 3.456791e+01 4.004803e+01 4.066158e+01 4.632240e+01 1.656153e+00 1.407841e+00 1.798202e+00 1.585461e+00 4.502382e+00 2.970210e+00 3.744460e+00 3.177201e+00 2.837936e+00 2.797859e+00 2.639533e+00 2.465156e+00 1.004578e+00
<GCONST> 1.021376e+02
<STATE> 3
<MEAN> 25
 -1.651109e-08 -2.268430e-07 1.259320e-08 1.165062e-07 -3.503200e-08 7.789977e-08 -6.306777e-08 1.437152e-07 -9.648429e-08 -8.998416e-08 1.010382e-07 -1.644749e-08 3.964178e-03 4.991033e-03 -2.259726e-03 -8.660138e-04 -1.980516e-03 2.296586e-03 -1.050157e-04 -6.062090e-03 -3.834328e-04 3.311979e-04 1.732379e-04 -2.677502e-03 -2.030911e-03
<VARIANCE> 25
 3.382748e+01 3.628031e+01 4.600648e+01 2.294502e+01 9.100511e+01 4.563913e+01 5.834692e+01 5.632589e+01 3.456791e+01 4.004803e+01 4.066158e+01 4.632240e+01 1.656153e+00 1.407841e+00 1.798202e+00 1.585461e+00 4.502382e+00 2.970210e+00 3.744460e+00 3.177201e+00 2.837936e+00 2.797859e+00 2.639533e+00 2.465156e+00 1.004578e+00
<GCONST> 1.021376e+02
<STATE> 4
<MEAN> 25
 -1.651109e-08 -2.268430e-07 1.259320e-08 1.165062e-07 -3.503200e-08 7.789977e-08 -6.306777e-08 1.437152e-07 -9.648429e-08 -8.998416e-08 1.010382e-07 -1.644749e-08 3.964178e-03 4.991033e-03 -2.259726e-03 -8.660138e-04 -1.980516e-03 2.296586e-03 -1.050157e-04 -6.062090e-03 -3.834328e-04 3.311979e-04 1.732379e-04 -2.677502e-03 -2.030911e-03
<VARIANCE> 25
 3.382748e+01 3.628031e+01 4.600648e+01 2.294502e+01 9.100511e+01 4.563913e+01 5.834692e+01 5.632589e+01 3.456791e+01 4.004803e+01 4.066158e+01 4.632240e+01 1.656153e+00 1.407841e+00 1.798202e+00 1.585461e+00 4.502382e+00 2.970210e+00 3.744460e+00 3.177201e+00 2.837936e+00 2.797859e+00 2.639533e+00 2.465156e+00 1.004578e+00
<GCONST> 1.021376e+02
~t "T_l3_i"
<ENDHMM>
~h "l4_i-l5_u+l5_i"
<BEGINHMM>
<NUMSTATES> 5
<STATE> 2
<MEAN> 25
 -1.651109e-08 -2.268430e-07 1.259320e-08 1.165062e-07 -3.503200e-08 7.789977e-08 -6.306777e-08 1.437152e-07 -9.648429e-08 -8.998416e-08 1.010382e-07 -1.644749e-08 3.964178e-03 4.991033e-03 -2.259726e-03 -8.660138e-04 -1.980516e-03 2.296586e-03 -1.050157e-04 -6.062090e-03 -3.834328e-04 3.311979e-04 1.732379e-04 -2.677502e-03 -2.030911e-03
<VARIANCE> 25
 3.382748e+01 3.628031e+01 4.600648e+01 2.294502e+01 9.100511e+01 4.563913e+01 5.834692e+01 5.632589e+01 3.456791e+01 4.004803e+01 4.066158e+01 4.632240e+01 1.656153e+00 1.407841e+00 1.798202e+00 1.585461e+00 4.502382e+00 2.970210e+00 3.744460e+00 3.177201e+00 2.837936e+00 2.797859e+00 2.639533e+00 2.465156e+00 1.004578e+00
<GCONST> 1.021376e+02
<STATE> 3
<MEAN> 25
 -1.651109e-08 -2.268430e-07 1.259320e-08 1.165062e-07 -3.503200e-08 7.789977e-08 -6.306777e-08 1.437152e-07 -9.648429e-08 -8.998416e-08 1.010382e-07 -1.644749e-08 3.964178e-03 4.991033e-03 -2.259726e-03 -8.660138e-04 -1.980516e-03 2.296586e-03 -1.050157e-04 -6.062090e-03 -3.834328e-04 3.311979e-04 1.732379e-04 -2.677502e-03 -2.030911e-03
<VARIANCE> 25
 3.382748e+01 3.628031e+01 4.600648e+01 2.294502e+01 9.100511e+01 4.563913e+01 5.834692e+01 5.632589e+01 3.456791e+01 4.004803e+01 4.066158e+01 4.632240e+01 1.656153e+00 1.407841e+00 1.798202e+00 1.585461e+00 4.502382e+00 2.970210e+00 3.744460e+00 3.177201e+00 2.837936e+00 2.797859e+00 2.639533e+00 2.465156e+00 1.004578e+00
<GCONST> 1.021376e+02
<STATE> 4
<MEAN> 25
 -1.651109e-08 -2.268430e-07 1.259320e-08 1.165062e-07 -3.503200e-08 7.789977e-08 -6.306777e-08 1.437152e-07 -9.648429e-08 -8.998416e-08 1.010382e-07 -1.644749e-08 3.964178e-03 4.991033e-03 -2.259726e-03 -8.660138e-04 -1.980516e-03 2.296586e-03 -1.050157e-04 -6.062090e-03 -3.834328e-04 3.311979e-04 1.732379e-04 -2.677502e-03 -2.030911e-03
<VARIANCE> 25
 3.382748e+01 3.628031e+01 4.600648e+01 2.294502e+01 9.100511e+01 4.563913e+01 5.834692e+01 5.632589e+01 3.456791e+01 4.004803e+01 4.066158e+01 4.632240e+01 1.656153e+00 1.407841e+00 1.798202e+00 1.585461e+00 4.502382e+00 2.970210e+00 3.744460e+00 3.177201e+00 2.837936e+00 2.797859e+00 2.639533e+00 2.465156e+00 1.004578e+00
<GCONST> 1.021376e+02
~t "T_l5_u"
<ENDHMM>
~h "l2_u-l3_u+l3_i"
<BEGINHMM>
<NUMSTATES> 5
<STATE> 2
<MEAN> 25
 -1.651109e-08 -2.268430e-07 1.259320e-08 1.165062e-07 -3.503200e-08 7.789977e-08 -6.306777e-08 1.437152e-07 -9.648429e-08 -8.998416e-08 1.010382e-07 -1.644749e-08 3.964178e-03 4.991033e-03 -2.259726e-03 -8.660138e-04 -1.980516e-03 2.296586e-03 -1.050157e-04 -6.062090e-03 -3.834328e-04 3.311979e-04 1.732379e-04 -2.677502e-03 -2.030911e-03
<VARIANCE> 25
 3.382748e+01 3.628031e+01 4.600648e+01 2.294502e+01 9.100511e+01 4.563913e+01 5.834692e+01 5.632589e+01 3.456791e+01 4.004803e+01 4.066158e+01 4.632240e+01 1.656153e+00 1.407841e+00 1.798202e+00 1.585461e+00 4.502382e+00 2.970210e+00 3.744460e+00 3.177201e+00 2.837936e+00 2.797859e+00 2.639533e+00 2.465156e+00 1.004578e+00
<GCONST> 1.021376e+02
<STATE> 3
<MEAN> 25
 -1.651109e-08 -2.268430e-07 1.259320e-08 1.165062e-07 -3.503200e-08 7.789977e-08 -6.306777e-08 1.437152e-07 -9.648429e-08 -8.998416e-08 1.010382e-07 -1.644749e-08 3.964178e-03 4.991033e-03 -2.259726e-03 -8.660138e-04 -1.980516e-03 2.296586e-03 -1.050157e-04 -6.062090e-03 -3.834328e-04 3.311979e-04 1.732379e-04 -2.677502e-03 -2.030911e-03
<VARIANCE> 25
 3.382748e+01 3.628031e+01 4.600648e+01 2.294502e+01 9.100511e+01 4.563913e+01 5.834692e+01 5.632589e+01 3.456791e+01 4.004803e+01 4.066158e+01 4.632240e+01 1.656153e+00 1.407841e+00 1.798202e+00 1.585461e+00 4.502382e+00 2.970210e+00 3.744460e+00 3.177201e+00 2.837936e+00 2.797859e+00 2.639533e+00 2.465156e+00 1.004578e+00
<GCONST> 1.021376e+02
<STATE> 4
<MEAN> 25
 -1.651109e-08 -2.268430e-07 1.259320e-08 1.165062e-07 -3.503200e-08 7.789977e-08 -6.306777e-08 1.437152e-07 -9.648429e-08 -8.998416e-08 1.010382e-07 -1.644749e-08 3.964178e-03 4.991033e-03 -2.259726e-03 -8.660138e-04 -1.980516e-03 2.296586e-03 -1.050157e-04 -6.062090e-03 -3.834328e-04 3.311979e-04 1.732379e-04 -2.677502e-03 -2.030911e-03
<VARIANCE> 25
 3.382748e+01 3.628031e+01 4.600648e+01 2.294502e+01 9.100511e+01 4.563913e+01 5.834692e+01 5.632589e+01 3.456791e+01 4.004803e+01 4.066158e+01 4.632240e+01 1.656153e+00 1.407841e+00 1.798202e+00 1.585461e+00 4.502382e+00 2.970210e+00 3.744460e+00 3.177201e+00 2.837936e+00 2.797859e+00 2.639533e+00 2.465156e+00 1.004578e+00
<GCONST> 1.021376e+02
~t "T_l3_u"
<ENDHMM>
~h "l1_i-l2_i+l2_u"
<BEGINHMM>
<NUMSTATES> 5
<STATE> 2
<MEAN> 25
 6.021810e-02 -3.939933e+00 -1.976902e+00 3.009128e+00 -9.825853e-01 -3.105780e+00 1.306785e+00 -1.477055e+00 -2.204087e+00 -2.704900e+00 -2.340449e+00 2.740659e+00 -8.802628e-03 -4.238782e-01 -2.945980e-01 1.073727e-01 2.844289e-01 4.300756e-01 -1.323022e-01 8.210685e-03 5.342810e-01 -1.235067e-01 -2.836875e-01 1.046848e-01 1.703764e-01
<VARIANCE> 25
 1.287345e+01 3.222810e+01 3.063399e+01 1.376235e+01 5.677377e+01 3.777386e+01 6.648190e+01 8.948605e+01 5.886211e+01 3.349454e+01 3.723773e+01 2.958849e+01 1.036038e+00 2.033959e+00 1.902674e+00 1.609410e+00 7.179654e+00 4.208220e+00 7.732793e+00 5.200680e+00 8.044971e+00 2.960503e+00 4.848737e+00 3.035534e+00 1.746544e+00
<GCONST> 1.043562e+02
<STATE> 3
<MEAN> 25
 1.676047e+00 -3.623079e+00 -3.892072e+00 1.608049e+00 1.901037e+00 1.198238e+00 -2.480799e-02 -4.457005e-01 1.231312e+00 -1.726259e+00 -3.430623e+00 6.804295e-01 -1.536156e-02 2.492926e-01 2.388113e-01 -6.605045e-02 -3.907622e-01 -1.838265e-01 1.806767e-01 -7.231687e-02 -8.667639e-03 1.085811e-01 1.779922e-01 -5.132631e-02 -8.469377e-02
<VARIANCE> 25
 1.128441e+01 2.228355e+01 2.075799e+01 1.125935e+01 6.137392e+01 2.814645e+01 5.814091e+01 4.632834e+01 5.120096e+01 2.638521e+01 2.638202e+01 3.082597e+01 7.896711e-01 1.554410e+00 1.427281e+00 1.144666e+00 6.419488e+00 3.076444e+00 3.393460e+00 4.406826e+00 4.263366e+00 2.606903e+00 2.211870e+00 2.726357e+00 8.064285e-01
<GCONST> 9.656480e+01
<STATE> 4
<MEAN> 25
 -1.484892e+00 3.247751e+00 2.517428e+00 -1.877233e+00 -1.270504e+00 -1.709534e+00 -1.385714e+00 1.069799e+00 -3.548520e-01 7.898468e-01 2.050010e-02 -3.465664e+00 -2.911850e-04 7.576046e-03 4.360586e-02 -4.039959e-03 1.475428e-01 7.072358e-02 -4.238304e-02 7.420757e-02 -5.423723e-02 -9.898332e-02 -1.167931e-02 -5.176697e-02 -7.226722e-03
<VARIANCE> 25
 5.337759e+01 2.538833e+01 3.745330e+01 1.562344e+01 7.019025e+01 5.341404e+01 3.889939e+01 3.981057e+01 2.799300e+01 3.223520e+01 3.194397e+01 2.031558e+01 3.932029e+00 2.201666e+00 2.273645e+00 1.179276e+00 5.966998e+00 2.875103e+00 3.245476e+00 3.066947e+00 3.062053e+00 2.590692e+00 2.157288e+00 1.949226e+00 1.099322e+00
<GCONST> 1.002722e+02
~t "T_l2_i"
<ENDHMM>
~h "sil"
<BEGINHMM>
<NUMSTATES> 5
<STATE> 2
<MEAN> 25
 -3.138710e+00 -1.195049e+00 -1.988418e-01 1.877432e-01 4.787323e+00 2.332654e+00 -8.831880e-01 4.964431e+00 4.470460e-01 -1.744129e-01 3.425146e+00 1.045693e+00 -2.347047e-02 -8.345127e-02 -7.316535e-03 -1.505407e-02 3.319874e-02 4.089158e-02 1.061487e-02 8.588609e-02 3.648109e-02 4.268022e-02 9.396545e-02 1.186315e-01 -1.569830e-01
<VARIANCE> 25
 4.099746e+01 3.120447e+01 3.009889e+01 1.597901e+01 3.383382e+01 2.486537e+01 3.075885e+01 3.111103e+01 2.202509e+01 2.602816e+01 2.255170e+01 2.395114e+01 4.954882e-01 5.335236e-01 8.581218e-01 8.724551e-01 1.204607e+00 1.325084e+00 1.536763e+00 1.757150e+00 1.635987e+00 1.743703e+00 1.518271e+00 1.389394e+00 2.268219e-01
<GCONST> 8.567081e+01
<STATE> 3
~s "silst"
<STATE> 4
<MEAN> 25
 1.528885e+00 2.706341e+00 2.090511e+00 -2.737911e-01 -2.962101e+00 -9.371030e-01 -1.357852e+00 -2.416792e+00 -2.822510e-01 -2.278149e-01 -1.185293e+00 -3.043795e+00 -3.648396e-02 6.460952e-02 -2.546838e-02 -1.871822e-03 1.364895e-01 8.445573e-02 -7.981312e-02 3.032733e-02 -1.215055e-02 -2.777425e-02 4.216092e-02 -4.530900e-02 3.919476e-02
<VARIANCE> 25
 3.066202e+01 2.611212e+01 5.060299e+01 2.671984e+01 9.190243e+01 4.899301e+01 5.276630e+01 5.540992e+01 3.878833e+01 4.059313e+01 3.706201e+01 2.878104e+01 2.594347e+00 1.780919e+00 2.384774e+00 1.953854e+00 5.930485e+00 3.794072e+00 3.914464e+00 3.747659e+00 3.266457e+00 3.125597e+00 3.160606e+00 2.599280e+00 1.259947e+00
<GCONST> 1.040980e+02
<TRANSP> 5
 0.000000e+00 1.000000e+00 0.000000e+00 0.000000e+00 0.000000e+00
 0.000000e+00 8.947885e-01 4.829201e-02 5.691954e-02 0.000000e+00
 0.000000e+00 0.000000e+00 9.345774e-01 6.542257e-02 0.000000e+00
 0.000000e+00 5.493567e-02 0.000000e+00 9.387873e-01 6.277039e-03
 0.000000e+00 0.000000e+00 0.000000e+00 0.000000e+00 0.000000e+00
<ENDHMM>
~h "l4_i-l5_i+l5_u"
<BEGINHMM>
<NUMSTATES> 5
<STATE> 2
<MEAN> 25
 5.974102e+00 -6.087759e+00 -1.048914e+01 1.980618e+00 9.726292e-01 5.176534e+00 -1.474321e+00 1.515590e+00 5.924411e-01 1.522351e+00 -6.490772e+00 1.397043e+00 -1.586673e-01 -6.426189e-03 2.183372e-01 1.397147e-01 -1.486676e-01 5.261791e-01 1.845674e-01 -4.102888e-01 -1.003620e-01 8.246347e-03 3.877407e-01 2.653355e-01 7.833875e-02
<VARIANCE> 25
 3.231319e+01 1.076464e+01 1.532923e+01 9.756426e+00 5.780586e+01 2.982511e+01 4.385233e+01 7.349325e+01 1.356471e+01 6.079444e+00 1.776947e+01 1.859757e+01 4.540941e-01 5.507392e-01 1.321952e+00 1.469805e+00 5.179994e+00 2.364085e+00 4.025829e+00 3.645492e+00 1.217994e+00 8.500182e-01 8.018558e-01 1.099729e+00 3.246934e-01
<GCONST> 8.580350e+01
<STATE> 3
<MEAN> 25
 -3.039716e+00 2.299057e+00 -8.040439e-01 3.076455e+00 3.875524e+00 9.382794e-01 5.679470e-02 1.690184e+00 1.645964e+00 3.107217e+00 5.674451e+00 6.587577e-01 3.561783e-02 3.316626e-02 2.768539e-02 -4.910956e-02 4.213502e-02 -1.834060e-02 -1.228409e-01 1.076675e-02 2.094498e-02 2.987822e-02 6.766939e-02 3.250575e-02 -1.708092e-01
<VARIANCE> 25
 2.722836e+01 1.306782e+01 2.189170e+01 1.426993e+01 4.217290e+01 1.706264e+01 1.949809e+01 2.615529e+01 1.272344e+01 1.987098e+01 1.437695e+01 1.336074e+01 6.256589e-01 6.215503e-01 8.977537e-01 9.008399e-01 2.006421e+00 1.758400e+00 1.522839e+00 1.667874e+00 1.532162e+00 1.795626e+00 1.412589e+00 1.264037e+00 1.582946e-01
<GCONST> 8.195387e+01
<STATE> 4
<MEAN> 25
 2.113780e+00 9.173542e-01 4.745238e-01 9.751915e-01 -6.061008e+00 -3.025623e+00 2.149594e+00 -3.197974e+00 -6.307522e-01 -3.323362e+00 -4.466735e+00 -3.847673e-01 4.735140e-02 -5.145328e-02 -5.917630e-02 -5.712286e-02 3.583957e-02 -3.513068e-02 7.180761e-02 -3.263171e-02 -4.004400e-02 -3.762771e-02 -1.474225e-01 2.495771e-03 1.021371e-01
<VARIANCE> 25
 2.547978e+01 5.215301e+01 5.626213e+01 2.694498e+01 1.016551e+02 2.598749e+01 6.232259e+01 3.412046e+01 2.956683e+01 4.221884e+01 3.560817e+01 3.277712e+01 1.260279e+00 2.377274e+00 1.926226e+00 2.016608e+00 7.023239e+00 2.401236e+00 4.790102e+00 2.946041e+00 2.560842e+00 3.038152e+00 2.810868e+00 3.196926e+00 2.524883e+00
<GCONST> 1.032960e+02
~t "T_l5_i"
<ENDHMM>
~h "l2_i-l3_i+l3_u"
<BEGINHMM>
<NUMSTATES> 5
<STATE> 2
<MEAN> 25
 -1.651109e-08 -2.268430e-07 1.259320e-08 1.165062e-07 -3.503200e-08 7.789977e-08 -6.306777e-08 1.437152e-07 -9.648429e-08 -8.998416e-08 1.010382e-07 -1.644749e-08 3.964178e-03 4.991033e-03 -2.259726e-03 -8.660138e-04 -1.980516e-03 2.296586e-03 -1.050157e-04 -6.062090e-03 -3.834328e-04 3.311979e-04 1.732379e-04 -2.677502e-03 -2.030911e-03
<VARIANCE> 25
 3.382748e+01 3.628031e+01 4.600648e+01 2.294502e+01 9.100511e+01 4.563913e+01 5.834692e+01 5.632589e+01 3.456791e+01 4.004803e+01 4.066158e+01 4.632240e+01 1.656153e+00 1.407841e+00 1.798202e+00 1.585461e+00 4.502382e+00 2.970210e+00 3.744460e+00 3.177201e+00 2.837936e+00 2.797859e+00 2.639533e+00 2.465156e+00 1.004578e+00
<GCONST> 1.021376e+02
<STATE> 3
<MEAN> 25
 -1.651109e-08 -2.268430e-07 1.259320e-08 1.165062e-07 -3.503200e-08 7.789977e-08 -6.306777e-08 1.437152e-07 -9.648429e-08 -8.998416e-08 1.010382e-07 -1.644749e-08 3.964178e-03 4.991033e-03 -2.259726e-03 -8.660138e-04 -1.980516e-03 2.296586e-03 -1.050157e-04 -6.062090e-03 -3.834328e-04 3.311979e-04 1.732379e-04 -2.677502e-03 -2.030911e-03
<VARIANCE> 25
 3.382748e+01 3.628031e+01 4.600648e+01 2.294502e+01 9.100511e+01 4.563913e+01 5.834692e+01 5.632589e+01 3.456791e+01 4.004803e+01 4.066158e+01 4.632240e+01 1.656153e+00 1.407841e+00 1.798202e+00 1.585461e+00 4.502382e+00 2.970210e+00 3.744460e+00 3.177201e+00 2.837936e+00 2.797859e+00 2.639533e+00 2.465156e+00 1.004578e+00
<GCONST> 1.021376e+02
<STATE> 4
<MEAN> 25
 -1.651109e-08 -2.268430e-07 1.259320e-08 1.165062e-07 -3.503200e-08 7.789977e-08 -6.306777e-08 1.437152e-07 -9.648429e-08 -8.998416e-08 1.010382e-07 -1.644749e-08 3.964178e-03 4.991033e-03 -2.259726e-03 -8.660138e-04 -1.980516e-03 2.296586e-03 -1.050157e-04 -6.062090e-03 -3.834328e-04 3.311979e-04 1.732379e-04 -2.677502e-03 -2.030911e-03
<VARIANCE> 25
 3.382748e+01 3.628031e+01 4.600648e+01 2.294502e+01 9.100511e+01 4.563913e+01 5.834692e+01 5.632589e+01 3.456791e+01 4.004803e+01 4.066158e+01 4.632240e+01 1.656153e+00 1.407841e+00 1.798202e+00 1.585461e+00 4.502382e+00 2.970210e+00 3.744460e+00 3.177201e+00 2.837936e+00 2.797859e+00 2.639533e+00 2.465156e+00 1.004578e+00
<GCONST> 1.021376e+02
~t "T_l3_i"
<ENDHMM>
~h "l1_i-l1_u+l2_i"
<BEGINHMM>
<NUMSTATES> 5
<STATE> 2
<MEAN> 25
 -4.483163e+00 5.511762e+00 -1.772121e+00 2.505608e+00 -3.477774e+00 -9.237598e+00 2.861272e+00 -4.136135e+00 1.019845e+00 1.156987e+00 3.093266e+00 1.327769e+01 2.878055e-01 -1.647099e-01 -1.313292e-01 -1.454117e-01 -1.091493e-01 -2.666537e-01 9.047094e-01 5.261024e-01 4.108813e-01 -4.469638e-02 -8.396903e-01 3.816357e-01 4.935640e-02
<VARIANCE> 25
 6.960038e+00 2.198713e+01 1.026600e+01 9.079005e+00 2.072176e+01 2.176692e+01 5.796747e+01 2.725755e+01 1.503307e+01 4.153015e+01 4.334066e+01 2.719234e+01 1.300757e+00 2.412802e+00 9.847506e-01 1.138499e+00 2.508869e+00 2.135723e+00 6.813192e+00 2.681577e+00 2.176080e+00 3.679428e+00 3.703751e+00 4.632529e+00 1.311221e-01
<GCONST> 9.123094e+01
<STATE> 3
<MEAN> 25
 3.401252e+00 -3.741785e+00 -4.111728e+00 2.936181e+00 -3.380692e+00 -2.929493e+00 6.580794e+00 1.905868e+00 1.770630e+00 -3.352877e-01 -7.332018e+00 5.114236e+00 4.095756e-01 -7.612990e-02 -2.402155e-01 7.115250e-02 1.205887e-01 1.184736e-01 -1.044758e+00 -4.901446e-01 -2.445282e-01 -1.187477e-01 4.150034e-01 -7.483018e-01 -3.411400e-01
<VARIANCE> 25
 1.305697e+01 9.808546e+00 1.610291e+01 1.188046e+01 1.415935e+01 9.381558e+01 5.689122e+01 5.417340e+01 2.947742e+01 2.189562e+01 4.425009e+01 2.696046e+01 1.619584e-01 1.370088e+00 5.079381e-01 1.132512e+00 1.396768e+00 2.764508e+00 2.774552e+00 2.596895e+00 2.336267e+00 1.672811e+00 2.812961e+00 1.775531e+00 1.162594e-01
<GCONST> 8.691935e+01
<STATE> 4
<MEAN> 25
 3.384683e+00 7.211462e-01 -2.612213e+00 -2.011666e+00 5.083758e-01 1.640980e+00 -1.447808e+00 -3.096884e+00 7.370530e-01 -5.358944e-01 -1.369660e+00 -4.549772e+00 -9.872110e-02 4.845020e-02 4.227751e-02 -4.320376e-02 3.889490e-02 5.905591e-02 6.189893e-03 6.871242e-02 -1.113316e-03 3.795251e-02 2.786288e-02 -6.495057e-02 3.462494e-02
<VARIANCE> 25
 1.791340e+01 1.785456e+01 3.435503e+01 2.141873e+01 9.027904e+01 4.830311e+01 5.667382e+01 3.488111e+01 4.911024e+01 4.078910e+01 2.664217e+01 2.585863e+01 1.002725e+00 6.526554e-01 1.349000e+00 1.547901e+00 3.485375e+00 2.714009e+00 3.544178e+00 2.511184e+00 3.619879e+00 2.316348e+00 2.485723e+00 1.918901e+00 5.056546e-01
<GCONST> 9.617522e+01
~t "T_l1_u"
<ENDHMM>
~h "l1_i-l1_u+l2_u"
<BEGINHMM>
<NUMSTATES> 5
<STATE> 2
<MEAN> 25
 -4.483163e+00 5.511762e+00 -1.772121e+00 2.505608e+00 -3.477774e+00 -9.237598e+00 2.861272e+00 -4.136135e+00 1.019845e+00 1.156987e+00 3.093266e+00 1.327769e+01 2.878055e-01 -1.647099e-01 -1.313292e-01 -1.454117e-01 -1.091493e-01 -2.666537e-01 9.047094e-01 5.261024e-01 4.108813e-01 -4.469638e-02 -8.396903e-01 3.816357e-01 4.935640e-02
<VARIANCE> 25
 6.960038e+00 2.198713e+01 1.026600e+01 9.079005e+00 2.072176e+01 2.176692e+01 5.796747e+01 2.725755e+01 1.503307e+01 4.153015e+01 4.334066e+01 2.719234e+01 1.300757e+00 2.412802e+00 9.847506e-01 1.138499e+00 2.508869e+00 2.135723e+00 6.813192e+00 2.681577e+00 2.176080e+00 3.679428e+00 3.703751e+00 4.632529e+00 1.311221e-01
<GCONST> 9.123094e+01
<STATE> 3
<MEAN> 25
 3.401252e+00 -3.741785e+00 -4.111728e+00 2.936181e+00 -3.380692e+00 -2.929493e+00 6.580794e+00 1.905868e+00 1.770630e+00 -3.352877e-01 -7.332018e+00 5.114236e+00 4.095756e-01 -7.612990e-02 -2.402155e-01 7.115250e-02 1.205887e-01 1.184736e-01 -1.044758e+00 -4.901446e-01 -2.445282e-01 -1.187477e-01 4.150034e-01 -7.483018e-01 -3.411400e-01
<VARIANCE> 25
 1.305697e+01 9.808546e+00 1.610291e+01 1.188046e+01 1.415935e+01 9.381558e+01 5.689122e+01 5.417340e+01 2.947742e+01 2.189562e+01 4.425009e+01 2.696046e+01 1.619584e-01 1.370088e+00 5.079381e-01 1.132512e+00 1.396768e+00 2.764508e+00 2.774552e+00 2.596895e+00 2.336267e+00 1.672811e+00 2.812961e+00 1.775531e+00 1.162594e-01
<GCONST> 8.691935e+01
<STATE> 4
<MEAN> 25
 3.384683e+00 7.211462e-01 -2.612213e+00 -2.011666e+00 5.083758e-01 1.640980e+00 -1.447808e+00 -3.096884e+00 7.370530e-01 -5.358944e-01 -1.369660e+00 -4.549772e+00 -9.872110e-02 4.845020e-02 4.227751e-02 -4.320376e-02 3.889490e-02 5.905591e-02 6.189893e-03 6.871242e-02 -1.113316e-03 3.795251e-02 2.786288e-02 -6.495057e-02 3.462494e-02
<VARIANCE> 25
 1.791340e+01 1.785456e+01 3.435503e+01 2.141873e+01 9.027904e+01 4.830311e+01 5.667382e+01 3.488111e+01 4.911024e+01 4.078910e+01 2.664217e+01 2.585863e+01 1.002725e+00 6.526554e-01 1.349000e+00 1.547901e+00 3.485375e+00 2.714009e+00 3.544178e+00 2.511184e+00 3.619879e+00 2.316348e+00 2.485723e+00 1.918901e+00 5.056546e-01
<GCONST> 9.617522e+01
~t "T_l1_u"
<ENDHMM>
~h "l2_u-l2_i+l3_i"
<BEGINHMM>
<NUMSTATES> 5
<STATE> 2
<MEAN> 25
 6.021810e-02 -3.939933e+00 -1.976902e+00 3.009128e+00 -9.825853e-01 -3.105780e+00 1.306785e+00 -1.477055e+00 -2.204087e+00 -2.704900e+00 -2.340449e+00 2.740659e+00 -8.802628e-03 -4.238782e-01 -2.945980e-01 1.073727e-01 2.844289e-01 4.300756e-01 -1.323022e-01 8.210685e-03 5.342810e-01 -1.235067e-01 -2.836875e-01 1.046848e-01 1.703764e-01
<VARIANCE> 25
 1.287345e+01 3.222810e+01 3.063399e+01 1.376235e+01 5.677377e+01 3.777386e+01 6.648190e+01 8.948605e+01 5.886211e+01 3.349454e+01 3.723773e+01 2.958849e+01 1.036038e+00 2.033959e+00 1.902674e+00 1.609410e+00 7.179654e+00 4.208220e+00 7.732793e+00 5.200680e+00 8.044971e+00 2.960503e+00 4.848737e+00 3.035534e+00 1.746544e+00
<GCONST> 1.043562e+02
<STATE> 3
<MEAN> 25
 1.676047e+00 -3.623079e+00 -3.892072e+00 1.608049e+00 1.901037e+00 1.198238e+00 -2.480799e-02 -4.457005e-01 1.231312e+00 -1.726259e+00 -3.430623e+00 6.804295e-01 -1.536156e-02 2.492926e-01 2.388113e-01 -6.605045e-02 -3.907622e-01 -1.838265e-01 1.806767e-01 -7.231687e-02 -8.667639e-03 1.085811e-01 1.779922e-01 -5.132631e-02 -8.469377e-02
<VARIANCE> 25
 1.128441e+01 2.228355e+01 2.075799e+01 1.125935e+01 6.137392e+01 2.814645e+01 5.814091e+01 4.632834e+01 5.120096e+01 2.638521e+01 2.638202e+01 3.082597e+01 7.896711e-01 1.554410e+00 1.427281e+00 1.144666e+00 6.419488e+00 3.076444e+00 3.393460e+00 4.406826e+00 4.263366e+00 2.606903e+00 2.211870e+00 2.726357e+00 8.064285e-01
<GCONST> 9.656480e+01
<STATE> 4
<MEAN> 25
 -1.484892e+00 3.247751e+00 2.517428e+00 -1.877233e+00 -1.270504e+00 -1.709534e+00 -1.385714e+00 1.069799e+00 -3.548520e-01 7.898468e-01 2.050010e-02 -3.465664e+00 -2.911850e-04 7.576046e-03 4.360586e-02 -4.039959e-03 1.475428e-01 7.072358e-02 -4.238304e-02 7.420757e-02 -5.423723e-02 -9.898332e-02 -1.167931e-02 -5.176697e-02 -7.226722e-03
<VARIANCE> 25
 5.337759e+01 2.538833e+01 3.745330e+01 1.562344e+01 7.019025e+01 5.341404e+01 3.889939e+01 3.981057e+01 2.799300e+01 3.223520e+01 3.194397e+01 2.031558e+01 3.932029e+00 2.201666e+00 2.273645e+00 1.179276e+00 5.966998e+00 2.875103e+00 3.245476e+00 3.066947e+00 3.062053e+00 2.590692e+00 2.157288e+00 1.949226e+00 1.099322e+00
<GCONST> 1.002722e+02
~t "T_l2_i"
<ENDHMM>
~h "l2_u-l2_i+l3_u"
<BEGINHMM>
<NUMSTATES> 5
<STATE> 2
<MEAN> 25
 6.021810e-02 -3.939933e+00 -1.976902e+00 3.009128e+00 -9.825853e-01 -3.105780e+00 1.306785e+00 -1.477055e+00 -2.204087e+00 -2.704900e+00 -2.340449e+00 2.740659e+00 -8.802628e-03 -4.238782e-01 -2.945980e-01 1.073727e-01 2.844289e-01 4.300756e-01 -1.323022e-01 8.210685e-03 5.342810e-01 -1.235067e-01 -2.836875e-01 1.046848e-01 1.703764e-01
<VARIANCE> 25
 1.287345e+01 3.222810e+01 3.063399e+01 1.376235e+01 5.677377e+01 3.777386e+01 6.648190e+01 8.948605e+01 5.886211e+01 3.349454e+01 3.723773e+01 2.958849e+01 1.036038e+00 2.033959e+00 1.902674e+00 1.609410e+00 7.179654e+00 4.208220e+00 7.732793e+00 5.200680e+00 8.044971e+00 2.960503e+00 4.848737e+00 3.035534e+00 1.746544e+00
<GCONST> 1.043562e+02
<STATE> 3
<MEAN> 25
 1.676047e+00 -3.623079e+00 -3.892072e+00 1.608049e+00 1.901037e+00 1.198238e+00 -2.480799e-02 -4.457005e-01 1.231312e+00 -1.726259e+00 -3.430623e+00 6.804295e-01 -1.536156e-02 2.492926e-01 2.388113e-01 -6.605045e-02 -3.907622e-01 -1.838265e-01 1.806767e-01 -7.231687e-02 -8.667639e-03 1.085811e-01 1.779922e-01 -5.132631e-02 -8.469377e-02
<VARIANCE> 25
 1.128441e+01 2.228355e+01 2.075799e+01 1.125935e+01 6.137392e+01 2.814645e+01 5.814091e+01 4.632834e+01 5.120096e+01 2.638521e+01 2.638202e+01 3.082597e+01 7.896711e-01 1.554410e+00 1.427281e+00 1.144666e+00 6.419488e+00 3.076444e+00 3.393460e+00 4.406826e+00 4.263366e+00 2.606903e+00 2.211870e+00 2.726357e+00 8.064285e-01
<GCONST> 9.656480e+01
<STATE> 4
<MEAN> 25
 -1.484892e+00 3.247751e+00 2.517428e+00 -1.877233e+00 -1.270504e+00 -1.709534e+00 -1.385714e+00 1.069799e+00 -3.548520e-01 7.898468e-01 2.050010e-02 -3.465664e+00 -2.911850e-04 7.576046e-03 4.360586e-02 -4.039959e-03 1.475428e-01 7.072358e-02 -4.238304e-02 7.420757e-02 -5.423723e-02 -9.898332e-02 -1.167931e-02 -5.176697e-02 -7.226722e-03
<VARIANCE> 25
 5.337759e+01 2.538833e+01 3.745330e+01 1.562344e+01 7.019025e+01 5.341404e+01 3.889939e+01 3.981057e+01 2.799300e+01 3.223520e+01 3.194397e+01 2.031558e+01 3.932029e+00 2.201666e+00 2.273645e+00 1.179276e+00 5.966998e+00 2.875103e+00 3.245476e+00 3.066947e+00 3.062053e+00 2.590692e+00 2.157288e+00 1.949226e+00 1.099322e+00
<GCONST> 1.002722e+02
~t "T_l2_i"
<ENDHMM>
~h "l4_i-l4_u+l5_i"
<BEGINHMM>
<NUMSTATES> 5
<STATE> 2
<MEAN> 25
 -9.261079e-01 -3.347785e+00 -2.962818e-01 1.196359e+00 -4.851312e+00 -4.183730e+00 2.965565e+00 -1.390729e+00 1.917507e+00 5.889779e+00 5.848207e+00 1.420918e+01 6.760886e-02 -1.241466e-01 -1.973815e-01 -1.676484e-02 8.311886e-02 -6.360291e-02 2.701147e-01 3.379996e-02 9.740625e-03 5.696091e-02 -4.373345e-02 1.954967e-01 2.236850e-02
<VARIANCE> 25
 1.467822e+01 3.452603e+01 4.825476e+01 2.113564e+01 1.080950e+02 2.036764e+01 4.853544e+01 4.791146e+01 3.733419e+01 9.208356e+01 8.031851e+01 6.307966e+01 6.797751e-01 1.313691e+00 2.181194e+00 1.950602e+00 3.460927e+00 1.714078e+00 3.469025e+00 3.094592e+00 2.884727e+00 4.551060e+00 3.337601e+00 3.790449e+00 5.377330e-01
<GCONST> 1.012050e+02
<STATE> 3
<MEAN> 25
 -1.274742e-01 3.079847e-01 -1.122369e+00 1.514932e+00 -4.667967e+00 -5.100514e+00 3.165308e+00 -1.573220e+00 -1.656063e+00 9.143488e-01 -2.365527e+00 2.285551e+00 -6.105836e-03 1.314481e-01 1.162940e-01 1.127114e-02 7.283711e-02 4.576118e-03 -2.438682e-01 -5.094291e-02 5.903736e-02 -4.024686e-02 -5.114809e-02 -3.411450e-01 -4.093022e-02
<VARIANCE> 25
 2.643963e+01 1.793347e+01 2.569885e+01 1.229593e+01 4.397200e+01 3.138054e+01 6.724728e+01 4.651416e+01 4.249308e+01 5.072096e+01 6.766928e+01 6.000876e+01 1.903812e+00 1.596449e+00 2.040381e+00 1.112191e+00 2.577850e+00 3.497816e+00 6.544889e+00 4.644886e+00 3.603181e+00 3.588274e+00 3.856060e+00 3.990881e+00 1.158458e+00
<GCONST> 1.021117e+02
<STATE> 4
<MEAN> 25
 1.950483e+00 1.143506e+00 -1.882440e+00 -1.061197e+00 6.365976e+00 3.505295e+00 -3.959302e+00 -2.313195e+00 8.453221e-01 -2.341838e+00 -1.493963e+00 -5.734547e+00 -4.900445e-02 -4.114567e-02 3.904335e-02 2.606981e-02 2.551371e-02 1.026608e-01 8.683208e-02 4.612537e-02 -1.164845e-02 5.609118e-03 8.467640e-02 -1.809440e-02 1.875392e-02
<VARIANCE> 25
 4.467086e+01 2.301043e+01 5.472229e+01 2.944526e+01 1.021165e+02 5.600653e+01 3.663845e+01 3.451175e+01 3.321091e+01 3.438262e+01 3.251600e+01 2.305168e+01 1.999784e+00 1.260547e+00 2.591520e+00 1.680624e+00 3.932445e+00 3.429832e+00 3.528596e+00 2.739069e+00 3.312468e+00 3.102156e+00 2.949686e+00 2.253844e+00 7.031156e-01
<GCONST> 1.008591e+02
~t "T_l4_u"
<ENDHMM>
~h "l4_i-l4_u+l5_u"
<BEGINHMM>
<NUMSTATES> 5
<STATE> 2
<MEAN> 25
 -9.261079e-01 -3.347785e+00 -2.962818e-01 1.196359e+00 -4.851312e+00 -4.183730e+00 2.965565e+00 -1.390729e+00 1.917507e+00 5.889779e+00 5.848207e+00 1.420918e+01 6.760886e-02 -1.241466e-01 -1.973815e-01 -1.676484e-02 8.311886e-02 -6.360291e-02 2.701147e-01 3.379996e-02 9.740625e-03 5.696091e-02 -4.373345e-02 1.954967e-01 2.236850e-02
<VARIANCE> 25
 1.467822e+01 3.452603e+01 4.825476e+01 2.113564e+01 1.080950e+02 2.036764e+01 4.853544e+01 4.791146e+01 3.733419e+01 9.208356e+01 8.031851e+01 6.307966e+01 6.797751e-01 1.313691e+00 2.181194e+00 1.950602e+00 3.460927e+00 1.714078e+00 3.469025e+00 3.094592e+00 2.884727e+00 4.551060e+00 3.337601e+00 3.790449e+00 5.377330e-01
<GCONST> 1.012050e+02
<STATE> 3
<MEAN> 25
 -1.274742e-01 3.079847e-01 -1.122369e+00 1.514932e+00 -4.667967e+00 -5.100514e+00 3.165308e+00 -1.573220e+00 -1.656063e+00 9.143488e-01 -2.365527e+00 2.285551e+00 -6.105836e-03 1.314481e-01 1.162940e-01 1.127114e-02 7.283711e-02 4.576118e-03 -2.438682e-01 -5.094291e-02 5.903736e-02 -4.024686e-02 -5.114809e-02 -3.411450e-01 -4.093022e-02
<VARIANCE> 25
 2.643963e+01 1.793347e+01 2.569885e+01 1.229593e+01 4.397200e+01 3.138054e+01 6.724728e+01 4.651416e+01 4.249308e+01 5.072096e+01 6.766928e+01 6.000876e+01 1.903812e+00 1.596449e+00 2.040381e+00 1.112191e+00 2.577850e+00 3.497816e+00 6.544889e+00 4.644886e+00 3.603181e+00 3.588274e+00 3.856060e+00 3.990881e+00 1.158458e+00
<GCONST> 1.021117e+02
<STATE> 4
<MEAN> 25
 1.950483e+00 1.143506e+00 -1.882440e+00 -1.061197e+00 6.365976e+00 3.505295e+00 -3.959302e+00 -2.313195e+00 8.453221e-01 -2.341838e+00 -1.493963e+00 -5.734547e+00 -4.900445e-02 -4.114567e-02 3.904335e-02 2.606981e-02 2.551371e-02 1.026608e-01 8.683208e-02 4.612537e-02 -1.164845e-02 5.609118e-03 8.467640e-02 -1.809440e-02 1.875392e-02
<VARIANCE> 25
 4.467086e+01 2.301043e+01 5.472229e+01 2.944526e+01 1.021165e+02 5.600653e+01 3.663845e+01 3.451175e+01 3.321091e+01 3.438262e+01 3.251600e+01 2.305168e+01 1.999784e+00 1.260547e+00 2.591520e+00 1.680624e+00 3.932445e+00 3.429832e+00 3.528596e+00 2.739069e+00 3.312468e+00 3.102156e+00 2.949686e+00 2.253844e+00 7.031156e-01
<GCONST> 1.008591e+02
~t "T_l4_u"
<ENDHMM>
~h "l3_u-l3_i+l4_i"
<BEGINHMM>
<NUMSTATES> 5
<STATE> 2
<MEAN> 25
 -1.651109e-08 -2.268430e-07 1.259320e-08 1.165062e-07 -3.503200e-08 7.789977e-08 -6.306777e-08 1.437152e-07 -9.648429e-08 -8.998416e-08 1.010382e-07 -1.644749e-08 3.964178e-03 4.991033e-03 -2.259726e-03 -8.660138e-04 -1.980516e-03 2.296586e-03 -1.050157e-04 -6.062090e-03 -3.834328e-04 3.311979e-04 1.732379e-04 -2.677502e-03 -2.030911e-03
<VARIANCE> 25
 3.382748e+01 3.628031e+01 4.600648e+01 2.294502e+01 9.100511e+01 4.563913e+01 5.834692e+01 5.632589e+01 3.456791e+01 4.004803e+01 4.066158e+01 4.632240e+01 1.656153e+00 1.407841e+00 1.798202e+00 1.585461e+00 4.502382e+00 2.970210e+00 3.744460e+00 3.177201e+00 2.837936e+00 2.797859e+00 2.639533e+00 2.465156e+00 1.004578e+00
<GCONST> 1.021376e+02
<STATE> 3
<MEAN> 25
 -1.651109e-08 -2.268430e-07 1.259320e-08 1.165062e-07 -3.503200e-08 7.789977e-08 -6.306777e-08 1.437152e-07 -9.648429e-08 -8.998416e-08 1.010382e-07 -1.644749e-08 3.964178e-03 4.991033e-03 -2.259726e-03 -8.660138e-04 -1.980516e-03 2.296586e-03 -1.050157e-04 -6.062090e-03 -3.834328e-04 3.311979e-04 1.732379e-04 -2.677502e-03 -2.030911e-03
<VARIANCE> 25
 3.382748e+01 3.628031e+01 4.600648e+01 2.294502e+01 9.100511e+01 4.563913e+01 5.834692e+01 5.632589e+01 3.456791e+01 4.004803e+01 4.066158e+01 4.632240e+01 1.656153e+00 1.407841e+00 1.798202e+00 1.585461e+00 4.502382e+00 2.970210e+00 3.744460e+00 3.177201e+00 2.837936e+00 2.797859e+00 2.639533e+00 2.465156e+00 1.004578e+00
<GCONST> 1.021376e+02
<STATE> 4
<MEAN> 25
 -1.651109e-08 -2.268430e-07 1.259320e-08 1.165062e-07 -3.503200e-08 7.789977e-08 -6.306777e-08 1.437152e-07 -9.648429e-08 -8.998416e-08 1.010382e-07 -1.644749e-08 3.964178e-03 4.991033e-03 -2.259726e-03 -8.660138e-04 -1.980516e-03 2.296586e-03 -1.050157e-04 -6.062090e-03 -3.834328e-04 3.311979e-04 1.732379e-04 -2.677502e-03 -2.030911e-03
<VARIANCE> 25
 3.382748e+01 3.628031e+01 4.600648e+01 2.294502e+01 9.100511e+01 4.563913e+01 5.834692e+01 5.632589e+01 3.456791e+01 4.004803e+01 4.066158e+01 4.632240e+01 1.656153e+00 1.407841e+00 1.798202e+00 1.585461e+00 4.502382e+00 2.970210e+00 3.744460e+00 3.177201e+00 2.837936e+00 2.797859e+00 2.639533e+00 2.465156e+00 1.004578e+00
<GCONST> 1.021376e+02
~t "T_l3_i"
<ENDHMM>
~h "l3_u-l3_i+l4_u"
<BEGINHMM>
<NUMSTATES> 5
<STATE> 2
<MEAN> 25
 -1.651109e-08 -2.268430e-07 1.259320e-08 1.165062e-07 -3.503200e-08 7.789977e-08 -6.306777e-08 1.437152e-07 -9.648429e-08 -8.998416e-08 1.010382e-07 -1.644749e-08 3.964178e-03 4.991033e-03 -2.259726e-03 -8.660138e-04 -1.980516e-03 2.296586e-03 -1.050157e-04 -6.062090e-03 -3.834328e-04 3.311979e-04 1.732379e-04 -2.677502e-03 -2.030911e-03
<VARIANCE> 25
 3.382748e+01 3.628031e+01 4.600648e+01 2.294502e+01 9.100511e+01 4.563913e+01 5.834692e+01 5.632589e+01 3.456791e+01 4.004803e+01 4.066158e+01 4.632240e+01 1.656153e+00 1.407841e+00 1.798202e+00 1.585461e+00 4.502382e+00 2.970210e+00 3.744460e+00 3.177201e+00 2.837936e+00 2.797859e+00 2.639533e+00 2.465156e+00 1.004578e+00
<GCONST> 1.021376e+02
<STATE> 3
<MEAN> 25
 -1.651109e-08 -2.268430e-07 1.259320e-08 1.165062e-07 -3.503200e-08 7.789977e-08 -6.306777e-08 1.437152e-07 -9.648429e-08 -8.998416e-08 1.010382e-07 -1.644749e-08 3.964178e-03 4.991033e-03 -2.259726e-03 -8.660138e-04 -1.980516e-03 2.296586e-03 -1.050157e-04 -6.062090e-03 -3.834328e-04 3.311979e-04 1.732379e-04 -2.677502e-03 -2.030911e-03
<VARIANCE> 25
 3.382748e+01 3.628031e+01 4.600648e+01 2.294502e+01 9.100511e+01 4.563913e+01 5.834692e+01 5.632589e+01 3.456791e+01 4.004803e+01 4.066158e+01 4.632240e+01 1.656153e+00 1.407841e+00 1.798202e+00 1.585461e+00 4.502382e+00 2.970210e+00 3.744460e+00 3.177201e+00 2.837936e+00 2.797859e+00 2.639533e+00 2.465156e+00 1.004578e+00
<GCONST> 1.021376e+02
<STATE> 4
<MEAN> 25
 -1.651109e-08 -2.268430e-07 1.259320e-08 1.165062e-07 -3.503200e-08 7.789977e-08 -6.306777e-08 1.437152e-07 -9.648429e-08 -8.998416e-08 1.010382e-07 -1.644749e-08 3.964178e-03 4.991033e-03 -2.259726e-03 -8.660138e-04 -1.980516e-03 2.296586e-03 -1.050157e-04 -6.062090e-03 -3.834328e-04 3.311979e-04 1.732379e-04 -2.677502e-03 -2.030911e-03
<VARIANCE> 25
 3.382748e+01 3.628031e+01 4.600648e+01 2.294502e+01 9.100511e+01 4.563913e+01 5.834692e+01 5.632589e+01 3.456791e+01 4.004803e+01 4.066158e+01 4.632240e+01 1.656153e+00 1.407841e+00 1.798202e+00 1.585461e+00 4.502382e+00 2.970210e+00 3.744460e+00 3.177201e+00 2.837936e+00 2.797859e+00 2.639533e+00 2.465156e+00 1.004578e+00
<GCONST> 1.021376e+02
~t "T_l3_i"
<ENDHMM>
~h "l2_i-l3_u+l3_i"
<BEGINHMM>
<NUMSTATES> 5
<STATE> 2
<MEAN> 25
 -1.651109e-08 -2.268430e-07 1.259320e-08 1.165062e-07 -3.503200e-08 7.789977e-08 -6.306777e-08 1.437152e-07 -9.648429e-08 -8.998416e-08 1.010382e-07 -1.644749e-08 3.964178e-03 4.991033e-03 -2.259726e-03 -8.660138e-04 -1.980516e-03 2.296586e-03 -1.050157e-04 -6.062090e-03 -3.834328e-04 3.311979e-04 1.732379e-04 -2.677502e-03 -2.030911e-03
<VARIANCE> 25
 3.382748e+01 3.628031e+01 4.600648e+01 2.294502e+01 9.100511e+01 4.563913e+01 5.834692e+01 5.632589e+01 3.456791e+01 4.004803e+01 4.066158e+01 4.632240e+01 1.656153e+00 1.407841e+00 1.798202e+00 1.585461e+00 4.502382e+00 2.970210e+00 3.744460e+00 3.177201e+00 2.837936e+00 2.797859e+00 2.639533e+00 2.465156e+00 1.004578e+00
<GCONST> 1.021376e+02
<STATE> 3
<MEAN> 25
 -1.651109e-08 -2.268430e-07 1.259320e-08 1.165062e-07 -3.503200e-08 7.789977e-08 -6.306777e-08 1.437152e-07 -9.648429e-08 -8.998416e-08 1.010382e-07 -1.644749e-08 3.964178e-03 4.991033e-03 -2.259726e-03 -8.660138e-04 -1.980516e-03 2.296586e-03 -1.050157e-04 -6.062090e-03 -3.834328e-04 3.311979e-04 1.732379e-04 -2.677502e-03 -2.030911e-03
<VARIANCE> 25
 3.382748e+01 3.628031e+01 4.600648e+01 2.294502e+01 9.100511e+01 4.563913e+01 5.834692e+01 5.632589e+01 3.456791e+01 4.004803e+01 4.066158e+01 4.632240e+01 1.656153e+00 1.407841e+00 1.798202e+00 1.585461e+00 4.502382e+00 2.970210e+00 3.744460e+00 3.177201e+00 2.837936e+00 2.797859e+00 2.639533e+00 2.465156e+00 1.004578e+00
<GCONST> 1.021376e+02
<STATE> 4
<MEAN> 25
 -1.651109e-08 -2.268430e-07 1.259320e-08 1.165062e-07 -3.503200e-08 7.789977e-08 -6.306777e-08 1.437152e-07 -9.648429e-08 -8.998416e-08 1.010382e-07 -1.644749e-08 3.964178e-03 4.991033e-03 -2.259726e-03 -8.660138e-04 -1.980516e-03 2.296586e-03 -1.050157e-04 -6.062090e-03 -3.834328e-04 3.311979e-04 1.732379e-04 -2.677502e-03 -2.030911e-03
<VARIANCE> 25
 3.382748e+01 3.628031e+01 4.600648e+01 2.294502e+01 9.100511e+01 4.563913e+01 5.834692e+01 5.632589e+01 3.456791e+01 4.004803e+01 4.066158e+01 4.632240e+01 1.656153e+00 1.407841e+00 1.798202e+00 1.585461e+00 4.502382e+00 2.970210e+00 3.744460e+00 3.177201e+00 2.837936e+00 2.797859e+00 2.639533e+00 2.465156e+00 1.004578e+00
<GCONST> 1.021376e+02
~t "T_l3_u"
<ENDHMM>
~h "l3_u-l4_i+l4_u"
<BEGINHMM>
<NUMSTATES> 5
<STATE> 2
<MEAN> 25
 -1.651109e-08 -2.268430e-07 1.259320e-08 1.165062e-07 -3.503200e-08 7.789977e-08 -6.306777e-08 1.437152e-07 -9.648429e-08 -8.998416e-08 1.010382e-07 -1.644749e-08 3.964178e-03 4.991033e-03 -2.259726e-03 -8.660138e-04 -1.980516e-03 2.296586e-03 -1.050157e-04 -6.062090e-03 -3.834328e-04 3.311979e-04 1.732379e-04 -2.677502e-03 -2.030911e-03
<VARIANCE> 25
 3.382748e+01 3.628031e+01 4.600648e+01 2.294502e+01 9.100511e+01 4.563913e+01 5.834692e+01 5.632589e+01 3.456791e+01 4.004803e+01 4.066158e+01 4.632240e+01 1.656153e+00 1.407841e+00 1.798202e+00 1.585461e+00 4.502382e+00 2.970210e+00 3.744460e+00 3.177201e+00 2.837936e+00 2.797859e+00 2.639533e+00 2.465156e+00 1.004578e+00
<GCONST> 1.021376e+02
<STATE> 3
<MEAN> 25
 -1.651109e-08 -2.268430e-07 1.259320e-08 1.165062e-07 -3.503200e-08 7.789977e-08 -6.306777e-08 1.437152e-07 -9.648429e-08 -8.998416e-08 1.010382e-07 -1.644749e-08 3.964178e-03 4.991033e-03 -2.259726e-03 -8.660138e-04 -1.980516e-03 2.296586e-03 -1.050157e-04 -6.062090e-03 -3.834328e-04 3.311979e-04 1.732379e-04 -2.677502e-03 -2.030911e-03
<VARIANCE> 25
 3.382748e+01 3.628031e+01 4.600648e+01 2.294502e+01 9.100511e+01 4.563913e+01 5.834692e+01 5.632589e+01 3.456791e+01 4.004803e+01 4.066158e+01 4.632240e+01 1.656153e+00 1.407841e+00 1.798202e+00 1.585461e+00 4.502382e+00 2.970210e+00 3.744460e+00 3.177201e+00 2.837936e+00 2.797859e+00 2.639533e+00 2.465156e+00 1.004578e+00
<GCONST> 1.021376e+02
<STATE> 4
<MEAN> 25
 -1.651109e-08 -2.268430e-07 1.259320e-08 1.165062e-07 -3.503200e-08 7.789977e-08 -6.306777e-08 1.437152e-07 -9.648429e-08 -8.998416e-08 1.010382e-07 -1.644749e-08 3.964178e-03 4.991033e-03 -2.259726e-03 -8.660138e-04 -1.980516e-03 2.296586e-03 -1.050157e-04 -6.062090e-03 -3.834328e-04 3.311979e-04 1.732379e-04 -2.677502e-03 -2.030911e-03
<VARIANCE> 25
 3.382748e+01 3.628031e+01 4.600648e+01 2.294502e+01 9.100511e+01 4.563913e+01 5.834692e+01 5.632589e+01 3.456791e+01 4.004803e+01 4.066158e+01 4.632240e+01 1.656153e+00 1.407841e+00 1.798202e+00 1.585461e+00 4.502382e+00 2.970210e+00 3.744460e+00 3.177201e+00 2.837936e+00 2.797859e+00 2.639533e+00 2.465156e+00 1.004578e+00
<GCONST> 1.021376e+02
~t "T_l4_i"
<ENDHMM>
~h "l5_i-l5_u"
<BEGINHMM>
<NUMSTATES> 5
<STATE> 2
<MEAN> 25
 -1.651109e-08 -2.268430e-07 1.259320e-08 1.165062e-07 -3.503200e-08 7.789977e-08 -6.306777e-08 1.437152e-07 -9.648429e-08 -8.998416e-08 1.010382e-07 -1.644749e-08 3.964178e-03 4.991033e-03 -2.259726e-03 -8.660138e-04 -1.980516e-03 2.296586e-03 -1.050157e-04 -6.062090e-03 -3.834328e-04 3.311979e-04 1.732379e-04 -2.677502e-03 -2.030911e-03
<VARIANCE> 25
 3.382748e+01 3.628031e+01 4.600648e+01 2.294502e+01 9.100511e+01 4.563913e+01 5.834692e+01 5.632589e+01 3.456791e+01 4.004803e+01 4.066158e+01 4.632240e+01 1.656153e+00 1.407841e+00 1.798202e+00 1.585461e+00 4.502382e+00 2.970210e+00 3.744460e+00 3.177201e+00 2.837936e+00 2.797859e+00 2.639533e+00 2.465156e+00 1.004578e+00
<GCONST> 1.021376e+02
<STATE> 3
<MEAN> 25
 -1.651109e-08 -2.268430e-07 1.259320e-08 1.165062e-07 -3.503200e-08 7.789977e-08 -6.306777e-08 1.437152e-07 -9.648429e-08 -8.998416e-08 1.010382e-07 -1.644749e-08 3.964178e-03 4.991033e-03 -2.259726e-03 -8.660138e-04 -1.980516e-03 2.296586e-03 -1.050157e-04 -6.062090e-03 -3.834328e-04 3.311979e-04 1.732379e-04 -2.677502e-03 -2.030911e-03
<VARIANCE> 25
 3.382748e+01 3.628031e+01 4.600648e+01 2.294502e+01 9.100511e+01 4.563913e+01 5.834692e+01 5.632589e+01 3.456791e+01 4.004803e+01 4.066158e+01 4.632240e+01 1.656153e+00 1.407841e+00 1.798202e+00 1.585461e+00 4.502382e+00 2.970210e+00 3.744460e+00 3.177201e+00 2.837936e+00 2.797859e+00 2.639533e+00 2.465156e+00 1.004578e+00
<GCONST> 1.021376e+02
<STATE> 4
<MEAN> 25
 -1.651109e-08 -2.268430e-07 1.259320e-08 1.165062e-07 -3.503200e-08 7.789977e-08 -6.306777e-08 1.437152e-07 -9.648429e-08 -8.998416e-08 1.010382e-07 -1.644749e-08 3.964178e-03 4.991033e-03 -2.259726e-03 -8.660138e-04 -1.980516e-03 2.296586e-03 -1.050157e-04 -6.062090e-03 -3.834328e-04 3.311979e-04 1.732379e-04 -2.677502e-03 -2.030911e-03
<VARIANCE> 25
 3.382748e+01 3.628031e+01 4.600648e+01 2.294502e+01 9.100511e+01 4.563913e+01 5.834692e+01 5.632589e+01 3.456791e+01 4.004803e+01 4.066158e+01 4.632240e+01 1.656153e+00 1.407841e+00 1.798202e+00 1.585461e+00 4.502382e+00 2.970210e+00 3.744460e+00 3.177201e+00 2.837936e+00 2.797859e+00 2.639533e+00 2.465156e+00 1.004578e+00
<GCONST> 1.021376e+02
~t "T_l5_u"
<ENDHMM>
~h "l3_u-l4_u+l4_i"
<BEGINHMM>
<NUMSTATES> 5
<STATE> 2
<MEAN> 25
 -9.261079e-01 -3.347785e+00 -2.962818e-01 1.196359e+00 -4.851312e+00 -4.183730e+00 2.965565e+00 -1.390729e+00 1.917507e+00 5.889779e+00 5.848207e+00 1.420918e+01 6.760886e-02 -1.241466e-01 -1.973815e-01 -1.676484e-02 8.311886e-02 -6.360291e-02 2.701147e-01 3.379996e-02 9.740625e-03 5.696091e-02 -4.373345e-02 1.954967e-01 2.236850e-02
<VARIANCE> 25
 1.467822e+01 3.452603e+01 4.825476e+01 2.113564e+01 1.080950e+02 2.036764e+01 4.853544e+01 4.791146e+01 3.733419e+01 9.208356e+01 8.031851e+01 6.307966e+01 6.797751e-01 1.313691e+00 2.181194e+00 1.950602e+00 3.460927e+00 1.714078e+00 3.469025e+00 3.094592e+00 2.884727e+00 4.551060e+00 3.337601e+00 3.790449e+00 5.377330e-01
<GCONST> 1.012050e+02
<STATE> 3
<MEAN> 25
 -1.274742e-01 3.079847e-01 -1.122369e+00 1.514932e+00 -4.667967e+00 -5.100514e+00 3.165308e+00 -1.573220e+00 -1.656063e+00 9.143488e-01 -2.365527e+00 2.285551e+00 -6.105836e-03 1.314481e-01 1.162940e-01 1.127114e-02 7.283711e-02 4.576118e-03 -2.438682e-01 -5.094291e-02 5.903736e-02 -4.024686e-02 -5.114809e-02 -3.411450e-01 -4.093022e-02
<VARIANCE> 25
 2.643963e+01 1.793347e+01 2.569885e+01 1.229593e+01 4.397200e+01 3.138054e+01 6.724728e+01 4.651416e+01 4.249308e+01 5.072096e+01 6.766928e+01 6.000876e+01 1.903812e+00 1.596449e+00 2.040381e+00 1.112191e+00 2.577850e+00 3.497816e+00 6.544889e+00 4.644886e+00 3.603181e+00 3.588274e+00 3.856060e+00 3.990881e+00 1.158458e+00
<GCONST> 1.021117e+02
<STATE> 4
<MEAN> 25
 1.950483e+00 1.143506e+00 -1.882440e+00 -1.061197e+00 6.365976e+00 3.505295e+00 -3.959302e+00 -2.313195e+00 8.453221e-01 -2.341838e+00 -1.493963e+00 -5.734547e+00 -4.900445e-02 -4.114567e-02 3.904335e-02 2.606981e-02 2.551371e-02 1.026608e-01 8.683208e-02 4.612537e-02 -1.164845e-02 5.609118e-03 8.467640e-02 -1.809440e-02 1.875392e-02
<VARIANCE> 25
 4.467086e+01 2.301043e+01 5.472229e+01 2.944526e+01 1.021165e+02 5.600653e+01 3.663845e+01 3.451175e+01 3.321091e+01 3.438262e+01 3.251600e+01 2.305168e+01 1.999784e+00 1.260547e+00 2.591520e+00 1.680624e+00 3.932445e+00 3.429832e+00 3.528596e+00 2.739069e+00 3.312468e+00 3.102156e+00 2.949686e+00 2.253844e+00 7.031156e-01
<GCONST> 1.008591e+02
~t "T_l4_u"
<ENDHMM>
~h "l5_u-l5_i"
<BEGINHMM>
<NUMSTATES> 5
<STATE> 2
<MEAN> 25
 5.974102e+00 -6.087759e+00 -1.048914e+01 1.980618e+00 9.726292e-01 5.176534e+00 -1.474321e+00 1.515590e+00 5.924411e-01 1.522351e+00 -6.490772e+00 1.397043e+00 -1.586673e-01 -6.426189e-03 2.183372e-01 1.397147e-01 -1.486676e-01 5.261791e-01 1.845674e-01 -4.102888e-01 -1.003620e-01 8.246347e-03 3.877407e-01 2.653355e-01 7.833875e-02
<VARIANCE> 25
 3.231319e+01 1.076464e+01 1.532923e+01 9.756426e+00 5.780586e+01 2.982511e+01 4.385233e+01 7.349325e+01 1.356471e+01 6.079444e+00 1.776947e+01 1.859757e+01 4.540941e-01 5.507392e-01 1.321952e+00 1.469805e+00 5.179994e+00 2.364085e+00 4.025829e+00 3.645492e+00 1.217994e+00 8.500182e-01 8.018558e-01 1.099729e+00 3.246934e-01
<GCONST> 8.580350e+01
<STATE> 3
<MEAN> 25
 -3.039716e+00 2.299057e+00 -8.040439e-01 3.076455e+00 3.875524e+00 9.382794e-01 5.679470e-02 1.690184e+00 1.645964e+00 3.107217e+00 5.674451e+00 6.587577e-01 3.561783e-02 3.316626e-02 2.768539e-02 -4.910956e-02 4.213502e-02 -1.834060e-02 -1.228409e-01 1.076675e-02 2.094498e-02 2.987822e-02 6.766939e-02 3.250575e-02 -1.708092e-01
<VARIANCE> 25
 2.722836e+01 1.306782e+01 2.189170e+01 1.426993e+01 4.217290e+01 1.706264e+01 1.949809e+01 2.615529e+01 1.272344e+01 1.987098e+01 1.437695e+01 1.336074e+01 6.256589e-01 6.215503e-01 8.977537e-01 9.008399e-01 2.006421e+00 1.758400e+00 1.522839e+00 1.667874e+00 1.532162e+00 1.795626e+00 1.412589e+00 1.264037e+00 1.582946e-01
<GCONST> 8.195387e+01
<STATE> 4
<MEAN> 25
 2.113780e+00 9.173542e-01 4.745238e-01 9.751915e-01 -6.061008e+00 -3.025623e+00 2.149594e+00 -3.197974e+00 -6.307522e-01 -3.323362e+00 -4.466735e+00 -3.847673e-01 4.735140e-02 -5.145328e-02 -5.917630e-02 -5.712286e-02 3.583957e-02 -3.513068e-02 7.180761e-02 -3.263171e-02 -4.004400e-02 -3.762771e-02 -1.474225e-01 2.495771e-03 1.021371e-01
<VARIANCE> 25
 2.547978e+01 5.215301e+01 5.626213e+01 2.694498e+01 1.016551e+02 2.598749e+01 6.232259e+01 3.412046e+01 2.956683e+01 4.221884e+01 3.560817e+01 3.277712e+01 1.260279e+00 2.377274e+00 1.926226e+00 2.016608e+00 7.023239e+00 2.401236e+00 4.790102e+00 2.946041e+00 2.560842e+00 3.038152e+00 2.810868e+00 3.196926e+00 2.524883e+00
<GCONST> 1.032960e+02
~t "T_l5_i"
<ENDHMM>
~h "l1_i+l1_u"
<BEGINHMM>
<NUMSTATES> 5
<STATE> 2
<MEAN> 25
 -1.570743e-01 -1.108683e+00 7.728362e+00 -1.244438e+00 -1.043937e+01 -1.910034e+00 4.271117e+00 -3.531532e+00 1.109641e-01 2.688938e+00 6.170418e-01 3.072860e-01 5.536181e-02 1.886529e-01 1.796626e-01 1.334127e-01 -6.529231e-02 -1.628250e-03 -5.484036e-02 -1.680833e-01 -1.816835e-02 -1.703277e-02 1.968426e-01 -9.020742e-03 -1.233794e-01
<VARIANCE> 25
 3.856569e+00 1.473753e+01 3.500763e+01 1.436797e+01 3.482347e+01 1.512898e+01 4.640342e+01 9.019331e+01 2.607058e+01 2.256461e+01 1.034542e+01 1.505509e+01 1.685634e-01 6.744902e-01 1.517388e+00 9.996328e-01 2.906873e+00 1.626206e+00 2.455863e+00 2.608096e+00 2.579719e+00 2.122918e+00 1.143624e+00 1.367248e+00 3.155337e-01
<GCONST> 8.488614e+01
<STATE> 3
<MEAN> 25
 1.693073e+00 -9.833102e-01 1.482151e+00 5.412255e-01 -6.271920e+00 -1.516876e+00 3.690278e+00 3.448711e-01 -2.683953e+00 -5.784311e-01 -2.566078e+00 -1.652732e+00 9.251693e-04 8.879241e-03 -5.961100e-02 -3.968689e-02 5.431429e-02 7.310587e-02 1.353423e-02 1.267710e-01 4.473040e-02 -5.850820e-03 -8.149098e-02 -1.778362e-02 1.090706e-02
<VARIANCE> 25
 1.275795e+01 3.583198e+01 3.120425e+01 1.323296e+01 5.943061e+01 4.637487e+01 5.325901e+01 6.541573e+01 4.113752e+01 3.166681e+01 3.024377e+01 2.030654e+01 1.065298e+00 1.558610e+00 1.616774e+00 1.375511e+00 4.963070e+00 3.744099e+00 4.457816e+00 4.054976e+00 3.497676e+00 2.920581e+00 1.865264e+00 2.211191e+00 9.934362e-01
<GCONST> 9.862247e+01
<STATE> 4
<MEAN> 25
 1.846259e+00 2.788565e+00 -1.604427e-01 -2.561378e+00 9.896503e-01 2.750200e+00 -8.046407e-01 -9.587103e-01 2.419422e+00 6.395653e-01 -5.052896e-02 -3.848920e-01 4.805128e-02 -7.925851e-02 -4.185399e-02 2.449111e-02 9.475035e-02 -1.370343e-02 -1.004144e-01 -8.304534e-03 -7.176577e-02 5.793282e-03 4.570250e-02 2.381631e-02 -8.776857e-02
<VARIANCE> 25
 2.670694e+01 2.366109e+01 5.448090e+01 3.934129e+01 5.981406e+01 7.081483e+01 6.048236e+01 5.198322e+01 3.418758e+01 5.041386e+01 2.980805e+01 2.380014e+01 1.600261e+00 8.637191e-01 2.321079e+00 2.072546e+00 3.529930e+00 3.311695e+00 3.337508e+00 4.234444e+00 2.937103e+00 3.273773e+00 2.197322e+00 2.534137e+00 7.312970e-01
<GCONST> 1.011562e+02
~t "T_l1_i"
<ENDHMM>
~h "l1_u-l2_u+l2_i"
<BEGINHMM>
<NUMSTATES> 5
<STATE> 2
<MEAN> 25
 -1.651109e-08 -2.268430e-07 1.259320e-08 1.165062e-07 -3.503200e-08 7.789977e-08 -6.306777e-08 1.437152e-07 -9.648429e-08 -8.998416e-08 1.010382e-07 -1.644749e-08 3.964178e-03 4.991033e-03 -2.259726e-03 -8.660138e-04 -1.980516e-03 2.296586e-03 -1.050157e-04 -6.062090e-03 -3.834328e-04 3.311979e-04 1.732379e-04 -2.677502e-03 -2.030911e-03
<VARIANCE> 25
 3.382748e+01 3.628031e+01 4.600648e+01 2.294502e+01 9.100511e+01 4.563913e+01 5.834692e+01 5.632589e+01 3.456791e+01 4.004803e+01 4.066158e+01 4.632240e+01 1.656153e+00 1.407841e+00 1.798202e+00 1.585461e+00 4.502382e+00 2.970210e+00 3.744460e+00 3.177201e+00 2.837936e+00 2.797859e+00 2.639533e+00 2.465156e+00 1.004578e+00
<GCONST> 1.021376e+02
<STATE> 3
<MEAN> 25
 -1.651109e-08 -2.268430e-07 1.259320e-08 1.165062e-07 -3.503200e-08 7.789977e-08 -6.306777e-08 1.437152e-07 -9.648429e-08 -8.998416e-08 1.010382e-07 -1.644749e-08 3.964178e-03 4.991033e-03 -2.259726e-03 -8.660138e-04 -1.980516e-03 2.296586e-03 -1.050157e-04 -6.062090e-03 -3.834328e-04 3.311979e-04 1.732379e-04 -2.677502e-03 -2.030911e-03
<VARIANCE> 25
 3.382748e+01 3.628031e+01 4.600648e+01 2.294502e+01 9.100511e+01 4.563913e+01 5.834692e+01 5.632589e+01 3.456791e+01 4.004803e+01 4.066158e+01 4.632240e+01 1.656153e+00 1.407841e+00 1.798202e+00 1.585461e+00 4.502382e+00 2.970210e+00 3.744460e+00 3.177201e+00 2.837936e+00 2.797859e+00 2.639533e+00 2.465156e+00 1.004578e+00
<GCONST> 1.021376e+02
<STATE> 4
<MEAN> 25
 -1.651109e-08 -2.268430e-07 1.259320e-08 1.165062e-07 -3.503200e-08 7.789977e-08 -6.306777e-08 1.437152e-07 -9.648429e-08 -8.998416e-08 1.010382e-07 -1.644749e-08 3.964178e-03 4.991033e-03 -2.259726e-03 -8.660138e-04 -1.980516e-03 2.296586e-03 -1.050157e-04 -6.062090e-03 -3.834328e-04 3.311979e-04 1.732379e-04 -2.677502e-03 -2.030911e-03
<VARIANCE> 25
 3.382748e+01 3.628031e+01 4.600648e+01 2.294502e+01 9.100511e+01 4.563913e+01 5.834692e+01 5.632589e+01 3.456791e+01 4.004803e+01 4.066158e+01 4.632240e+01 1.656153e+00 1.407841e+00 1.798202e+00 1.585461e+00 4.502382e+00 2.970210e+00 3.744460e+00 3.177201e+00 2.837936e+00 2.797859e+00 2.639533e+00 2.465156e+00 1.004578e+00
<GCONST> 1.021376e+02
~t "T_l2_u"
<ENDHMM>
~h "l4_u-l5_u+l5_i"
<BEGINHMM>
<NUMSTATES> 5
<STATE> 2
<MEAN> 25
 -1.651109e-08 -2.268430e-07 1.259320e-08 1.165062e-07 -3.503200e-08 7.789977e-08 -6.306777e-08 1.437152e-07 -9.648429e-08 -8.998416e-08 1.010382e-07 -1.644749e-08 3.964178e-03 4.991033e-03 -2.259726e-03 -8.660138e-04 -1.980516e-03 2.296586e-03 -1.050157e-04 -6.062090e-03 -3.834328e-04 3.311979e-04 1.732379e-04 -2.677502e-03 -2.030911e-03
<VARIANCE> 25
 3.382748e+01 3.628031e+01 4.600648e+01 2.294502e+01 9.100511e+01 4.563913e+01 5.834692e+01 5.632589e+01 3.456791e+01 4.004803e+01 4.066158e+01 4.632240e+01 1.656153e+00 1.407841e+00 1.798202e+00 1.585461e+00 4.502382e+00 2.970210e+00 3.744460e+00 3.177201e+00 2.837936e+00 2.797859e+00 2.639533e+00 2.465156e+00 1.004578e+00
<GCONST> 1.021376e+02
<STATE> 3
<MEAN> 25
 -1.651109e-08 -2.268430e-07 1.259320e-08 1.165062e-07 -3.503200e-08 7.789977e-08 -6.306777e-08 1.437152e-07 -9.648429e-08 -8.998416e-08 1.010382e-07 -1.644749e-08 3.964178e-03 4.991033e-03 -2.259726e-03 -8.660138e-04 -1.980516e-03 2.296586e-03 -1.050157e-04 -6.062090e-03 -3.834328e-04 3.311979e-04 1.732379e-04 -2.677502e-03 -2.030911e-03
<VARIANCE> 25
 3.382748e+01 3.628031e+01 4.600648e+01 2.294502e+01 9.100511e+01 4.563913e+01 5.834692e+01 5.632589e+01 3.456791e+01 4.004803e+01 4.066158e+01 4.632240e+01 1.656153e+00 1.407841e+00 1.798202e+00 1.585461e+00 4.502382e+00 2.970210e+00 3.744460e+00 3.177201e+00 2.837936e+00 2.797859e+00 2.639533e+00 2.465156e+00 1.004578e+00
<GCONST> 1.021376e+02
<STATE> 4
<MEAN> 25
 -1.651109e-08 -2.268430e-07 1.259320e-08 1.165062e-07 -3.503200e-08 7.789977e-08 -6.306777e-08 1.437152e-07 -9.648429e-08 -8.998416e-08 1.010382e-07 -1.644749e-08 3.964178e-03 4.991033e-03 -2.259726e-03 -8.660138e-04 -1.980516e-03 2.296586e-03 -1.050157e-04 -6.062090e-03 -3.834328e-04 3.311979e-04 1.732379e-04 -2.677502e-03 -2.030911e-03
<VARIANCE> 25
 3.382748e+01 3.628031e+01 4.600648e+01 2.294502e+01 9.100511e+01 4.563913e+01 5.834692e+01 5.632589e+01 3.456791e+01 4.004803e+01 4.066158e+01 4.632240e+01 1.656153e+00 1.407841e+00 1.798202e+00 1.585461e+00 4.502382e+00 2.970210e+00 3.744460e+00 3.177201e+00 2.837936e+00 2.797859e+00 2.639533e+00 2.465156e+00 1.004578e+00
<GCONST> 1.021376e+02
~t "T_l5_u"
<ENDHMM>
~h "l3_i-l4_i+l4_u"
<BEGINHMM>
<NUMSTATES> 5
<STATE> 2
<MEAN> 25
 -1.651109e-08 -2.268430e-07 1.259320e-08 1.165062e-07 -3.503200e-08 7.789977e-08 -6.306777e-08 1.437152e-07 -9.648429e-08 -8.998416e-08 1.010382e-07 -1.644749e-08 3.964178e-03 4.991033e-03 -2.259726e-03 -8.660138e-04 -1.980516e-03 2.296586e-03 -1.050157e-04 -6.062090e-03 -3.834328e-04 3.311979e-04 1.732379e-04 -2.677502e-03 -2.030911e-03
<VARIANCE> 25
 3.382748e+01 3.628031e+01 4.600648e+01 2.294502e+01 9.100511e+01 4.563913e+01 5.834692e+01 5.632589e+01 3.456791e+01 4.004803e+01 4.066158e+01 4.632240e+01 1.656153e+00 1.407841e+00 1.798202e+00 1.585461e+00 4.502382e+00 2.970210e+00 3.744460e+00 3.177201e+00 2.837936e+00 2.797859e+00 2.639533e+00 2.465156e+00 1.004578e+00
<GCONST> 1.021376e+02
<STATE> 3
<MEAN> 25
 -1.651109e-08 -2.268430e-07 1.259320e-08 1.165062e-07 -3.503200e-08 7.789977e-08 -6.306777e-08 1.437152e-07 -9.648429e-08 -8.998416e-08 1.010382e-07 -1.644749e-08 3.964178e-03 4.991033e-03 -2.259726e-03 -8.660138e-04 -1.980516e-03 2.296586e-03 -1.050157e-04 -6.062090e-03 -3.834328e-04 3.311979e-04 1.732379e-04 -2.677502e-03 -2.030911e-03
<VARIANCE> 25
 3.382748e+01 3.628031e+01 4.600648e+01 2.294502e+01 9.100511e+01 4.563913e+01 5.834692e+01 5.632589e+01 3.456791e+01 4.004803e+01 4.066158e+01 4.632240e+01 1.656153e+00 1.407841e+00 1.798202e+00 1.585461e+00 4.502382e+00 2.970210e+00 3.744460e+00 3.177201e+00 2.837936e+00 2.797859e+00 2.639533e+00 2.465156e+00 1.004578e+00
<GCONST> 1.021376e+02
<STATE> 4
<MEAN> 25
 -1.651109e-08 -2.268430e-07 1.259320e-08 1.165062e-07 -3.503200e-08 7.789977e-08 -6.306777e-08 1.437152e-07 -9.648429e-08 -8.998416e-08 1.010382e-07 -1.644749e-08 3.964178e-03 4.991033e-03 -2.259726e-03 -8.660138e-04 -1.980516e-03 2.296586e-03 -1.050157e-04 -6.062090e-03 -3.834328e-04 3.311979e-04 1.732379e-04 -2.677502e-03 -2.030911e-03
<VARIANCE> 25
 3.382748e+01 3.628031e+01 4.600648e+01 2.294502e+01 9.100511e+01 4.563913e+01 5.834692e+01 5.632589e+01 3.456791e+01 4.004803e+01 4.066158e+01 4.632240e+01 1.656153e+00 1.407841e+00 1.798202e+00 1.585461e+00 4.502382e+00 2.970210e+00 3.744460e+00 3.177201e+00 2.837936e+00 2.797859e+00 2.639533e+00 2.465156e+00 1.004578e+00
<GCONST> 1.021376e+02
~t "T_l4_i"
<ENDHMM>
