~o
<STREAMINFO> 1 25
<VECSIZE> 25<NULLD><MFCC_D_N_Z_0><DIAGC>
~s "silst"
<MEAN> 25
 -6.176860e-01 -5.051072e+00 -3.564910e+00 5.059404e-01 9.167307e-01 -6.391304e-01 4.224087e+00 5.030447e-02 -5.198580e-01 1.134447e+00 -4.814399e-01 6.602775e+00 1.173914e-01 -6.101055e-03 3.891312e-02 1.352308e-02 -4.118625e-01 -2.533807e-01 2.138966e-01 -2.190157e-01 -5.175983e-02 -2.987315e-02 -2.264111e-01 -2.114938e-02 1.592273e-01
<VARIANCE> 25
 1.569688e+01 2.806655e+01 2.891129e+01 2.149364e+01 1.037508e+02 4.760982e+01 8.897413e+01 4.950361e+01 3.731487e+01 5.580133e+01 4.964899e+01 5.345120e+01 1.311725e+00 1.667580e+00 1.677122e+00 1.699110e+00 5.257022e+00 3.192490e+00 6.020920e+00 3.599460e+00 3.141015e+00 3.503529e+00 2.911352e+00 3.518375e+00 1.509759e+00
<GCONST> 1.037505e+02
~h "l1_i"
<BEGINHMM>
<NUMSTATES> 5
<STATE> 2
<MEAN> 25
 -1.002115e-02 -4.143279e+00 2.504445e+00 -4.230436e-01 -3.700609e+00 -6.561577e-01 1.410684e+00 -1.401510e+00 7.153305e-01 -1.257849e-02 2.468756e-01 2.963293e+00 -2.256382e-02 1.934027e-01 1.276743e-01 5.247684e-02 -1.879538e-01 -1.520520e-01 1.112187e-01 -3.077336e-01 -1.277037e-01 1.088822e-01 1.007382e-01 -8.022534e-02 -1.249274e-01
<VARIANCE> 25
 4.488117e+00 4.476944e+01 8.030351e+01 1.614371e+01 1.304107e+02 2.167193e+01 8.075018e+01 7.042307e+01 2.895739e+01 3.950694e+01 1.507542e+01 2.453449e+01 3.545524e-01 9.395005e-01 1.659829e+00 1.091638e+00 5.667864e+00 2.665737e+00 4.633151e+00 2.632205e+00 2.826827e+00 2.178304e+00 1.400028e+00 1.812311e+00 4.321368e-01
<GCONST> 9.458649e+01
<STATE> 3
<MEAN> 25
 1.571778e+00 -1.378252e+00 3.930157e-01 6.974134e-01 -7.237650e+00 -1.354215e+00 3.960582e+00 -8.586547e-01 -1.156378e+00 -8.034397e-01 -1.870895e+00 -2.209092e+00 4.423121e-02 1.638702e-02 1.957070e-02 -2.303483e-02 -2.415851e-04 3.723624e-02 -6.540280e-03 1.243247e-01 1.629619e-02 -1.343798e-03 -1.268129e-02 -4.482873e-02 -3.384072e-03
<VARIANCE> 25
 1.324295e+01 3.422691e+01 3.450400e+01 1.402174e+01 5.864337e+01 4.767826e+01 5.227044e+01 8.599530e+01 3.715938e+01 3.212978e+01 2.748305e+01 1.854819e+01 9.458221e-01 1.470975e+00 1.542900e+00 1.370653e+00 4.616985e+00 3.103607e+00 4.670858e+00 4.197621e+00 3.268413e+00 2.795208e+00 1.557706e+00 1.706498e+00 7.521554e-01
<GCONST> 9.753310e+01
<STATE> 4
<MEAN> 25
 6.134732e-01 8.494366e-01 1.707742e-01 -7.852543e-01 -6.910086e-02 -9.159344e-02 2.906343e-01 -2.930750e-01 1.139154e-01 -7.973235e-01 -1.200865e+00 1.751491e-01 -1.289151e-02 -4.295958e-03 -2.001923e-02 -2.669051e-03 3.274813e-02 5.311547e-03 -1.368482e-04 2.261605e-02 -2.613845e-03 3.140058e-03 9.580448e-03 1.343180e-02 -1.194640e-02
<VARIANCE> 25
 2.313058e+01 3.228094e+01 5.192197e+01 2.523387e+01 1.062951e+02 4.723623e+01 6.194266e+01 4.563485e+01 4.143724e+01 4.385540e+01 3.232891e+01 3.274267e+01 1.458753e+00 1.320658e+00 1.782906e+00 1.399101e+00 3.954622e+00 2.634385e+00 3.096989e+00 3.077732e+00 2.869094e+00 2.907467e+00 2.158896e+00 2.328574e+00 9.353209e-01
<GCONST> 1.005157e+02
<TRANSP> 5
 0.000000e+00 1.000000e+00 0.000000e+00 0.000000e+00 0.000000e+00
 0.000000e+00 9.765554e-01 2.344459e-02 0.000000e+00 0.000000e+00
 0.000000e+00 0.000000e+00 9.866500e-01 1.335000e-02 0.000000e+00
 0.000000e+00 0.000000e+00 0.000000e+00 9.969785e-01 3.021536e-03
 0.000000e+00 0.000000e+00 0.000000e+00 0.000000e+00 0.000000e+00
<ENDHMM>
~h "l1_u"
<BEGINHMM>
<NUMSTATES> 5
<STATE> 2
<MEAN> 25
 -4.480970e+00 5.426614e+00 -1.814232e+00 2.521006e+00 -3.394874e+00 -9.115076e+00 2.592053e+00 -4.184135e+00 9.475468e-01 1.213123e+00 3.333814e+00 1.323861e+01 2.748393e-01 -1.162024e-01 -1.480101e-01 -1.746041e-01 -9.250230e-02 -2.410059e-01 8.792955e-01 4.628878e-01 4.047469e-01 -1.094985e-02 -8.079689e-01 3.945785e-01 4.173816e-02
<VARIANCE> 25
 6.870703e+00 2.286168e+01 1.023411e+01 9.284277e+00 2.042842e+01 2.232382e+01 5.050917e+01 2.628265e+01 1.532964e+01 4.170231e+01 3.987923e+01 2.670533e+01 1.296801e+00 2.359164e+00 9.792145e-01 1.188761e+00 2.504123e+00 2.065537e+00 6.818670e+00 2.582323e+00 2.202115e+00 3.642098e+00 3.634945e+00 4.633087e+00 1.307236e-01
<GCONST> 9.095535e+01
<STATE> 3
<MEAN> 25
 3.382022e+00 -3.563914e+00 -4.068326e+00 2.884110e+00 -3.412051e+00 -3.150924e+00 6.704670e+00 1.894989e+00 1.795012e+00 -3.868425e-01 -7.388398e+00 5.222898e+00 3.923697e-01 -9.228496e-02 -2.023895e-01 6.274523e-02 1.236672e-01 9.148266e-02 -9.874183e-01 -4.223672e-01 -2.568032e-01 -1.535313e-01 3.532636e-01 -7.601053e-01 -3.250057e-01
<VARIANCE> 25
 1.351873e+01 1.060213e+01 1.598105e+01 1.166518e+01 1.444535e+01 9.292804e+01 6.204136e+01 5.399619e+01 2.941747e+01 2.154097e+01 4.346271e+01 2.917093e+01 1.814169e-01 1.425783e+00 5.445166e-01 1.124212e+00 1.407549e+00 2.776180e+00 2.991618e+00 2.790984e+00 2.337055e+00 1.699890e+00 2.995121e+00 1.792746e+00 1.214021e-01
<GCONST> 8.764927e+01
<STATE> 4
<MEAN> 25
 3.282564e+00 7.421094e-01 -2.610602e+00 -2.018509e+00 5.587711e-01 1.708521e+00 -1.434023e+00 -3.149951e+00 6.846089e-01 -5.499116e-01 -1.313267e+00 -4.544887e+00 -1.035083e-01 4.382683e-02 4.117436e-02 -3.611486e-02 2.863561e-02 6.796024e-02 1.830876e-02 7.044740e-02 1.667760e-03 4.664177e-02 3.859394e-02 -5.457772e-02 3.357686e-02
<VARIANCE> 25
 1.871645e+01 1.805042e+01 3.439894e+01 2.147756e+01 9.049217e+01 4.798728e+01 5.695264e+01 3.407194e+01 4.910831e+01 4.074200e+01 2.662780e+01 2.569596e+01 1.016999e+00 6.484284e-01 1.364101e+00 1.558763e+00 3.479518e+00 2.719412e+00 3.540448e+00 2.520969e+00 3.616439e+00 2.326498e+00 2.479582e+00 1.912734e+00 5.095020e-01
<GCONST> 9.623739e+01
<TRANSP> 5
 0.000000e+00 1.000000e+00 0.000000e+00 0.000000e+00 0.000000e+00
 0.000000e+00 9.481602e-01 5.183980e-02 0.000000e+00 0.000000e+00
 0.000000e+00 0.000000e+00 9.504330e-01 4.956701e-02 0.000000e+00
 0.000000e+00 0.000000e+00 0.000000e+00 9.896241e-01 1.037586e-02
 0.000000e+00 0.000000e+00 0.000000e+00 0.000000e+00 0.000000e+00
<ENDHMM>
~h "l2_i"
<BEGINHMM>
<NUMSTATES> 5
<STATE> 2
<MEAN> 25
 4.238887e-02 -3.963589e+00 -1.909632e+00 3.064501e+00 -1.159409e+00 -3.278556e+00 1.488996e+00 -1.577867e+00 -1.807054e+00 -2.643602e+00 -2.582484e+00 2.766999e+00 -5.504301e-03 -3.862792e-01 -2.866215e-01 1.084920e-01 2.679905e-01 3.849408e-01 -1.842150e-01 -8.834891e-03 5.516701e-01 -1.466127e-01 -2.722999e-01 7.626641e-02 1.342494e-01
<VARIANCE> 25
 1.233759e+01 3.365402e+01 3.050496e+01 1.402892e+01 6.468204e+01 4.265287e+01 6.884622e+01 8.525220e+01 6.114010e+01 3.328065e+01 3.771307e+01 2.957240e+01 9.734219e-01 1.930708e+00 1.821065e+00 1.646956e+00 7.245498e+00 4.167123e+00 7.900116e+00 5.042473e+00 8.174429e+00 3.033370e+00 4.687168e+00 3.065069e+00 1.775175e+00
<GCONST> 1.045409e+02
<STATE> 3
<MEAN> 25
 1.430203e+00 -3.607277e+00 -4.011261e+00 1.673453e+00 1.878052e+00 1.267451e+00 2.039689e-01 -3.345371e-01 1.022522e+00 -1.479771e+00 -3.479384e+00 9.913359e-01 -2.214611e-02 2.158864e-01 2.338096e-01 -8.874225e-02 -4.055060e-01 -1.219704e-01 1.924556e-01 -8.879554e-03 -2.781047e-02 7.935833e-02 1.949561e-01 -4.797405e-02 -7.469916e-02
<VARIANCE> 25
 1.011221e+01 2.153380e+01 2.120779e+01 1.176242e+01 6.095243e+01 2.790195e+01 5.715696e+01 4.609845e+01 5.209060e+01 2.569593e+01 2.659734e+01 2.857564e+01 8.417951e-01 1.526674e+00 1.467174e+00 1.220465e+00 6.680329e+00 3.044014e+00 3.283946e+00 4.378769e+00 4.173959e+00 2.568910e+00 2.290721e+00 2.720771e+00 8.142554e-01
<GCONST> 9.650586e+01
<STATE> 4
<MEAN> 25
 5.171946e-02 2.552972e+00 1.250682e+00 -8.066907e-01 -1.492634e+00 -1.137524e+00 3.537948e-01 9.539170e-01 -3.026194e-01 -1.630248e-01 -6.030391e-02 -2.529650e+00 -3.160513e-03 1.105319e-02 1.608755e-02 7.715581e-03 1.177333e-01 4.238844e-02 -4.170495e-02 4.751943e-04 -1.672736e-02 -4.846434e-02 -1.261696e-02 -2.479851e-02 5.894898e-03
<VARIANCE> 25
 4.500165e+01 3.116595e+01 3.586979e+01 1.729258e+01 6.278530e+01 5.596896e+01 4.453374e+01 4.111560e+01 2.990452e+01 2.988391e+01 3.018223e+01 2.173909e+01 2.795088e+00 1.968744e+00 1.973954e+00 1.194660e+00 4.689740e+00 3.122036e+00 3.295511e+00 2.831959e+00 2.801445e+00 2.512042e+00 2.064070e+00 1.926609e+00 9.682653e-01
<GCONST> 9.936196e+01
<TRANSP> 5
 0.000000e+00 1.000000e+00 0.000000e+00 0.000000e+00 0.000000e+00
 0.000000e+00 9.412557e-01 5.874430e-02 0.000000e+00 0.000000e+00
 0.000000e+00 0.000000e+00 9.674501e-01 3.254985e-02 0.000000e+00
 0.000000e+00 0.000000e+00 0.000000e+00 9.885111e-01 1.148897e-02
 0.000000e+00 0.000000e+00 0.000000e+00 0.000000e+00 0.000000e+00
<ENDHMM>
~h "l2_u"
<BEGINHMM>
<NUMSTATES> 5
<STATE> 2
<MEAN> 25
 -1.651109e-08 -2.268430e-07 1.259320e-08 1.165062e-07 -3.503200e-08 7.789977e-08 -6.306777e-08 1.437152e-07 -9.648429e-08 -8.998416e-08 1.010382e-07 -1.644749e-08 3.964178e-03 4.991033e-03 -2.259726e-03 -8.660138e-04 -1.980516e-03 2.296586e-03 -1.050157e-04 -6.062090e-03 -3.834328e-04 3.311979e-04 1.732379e-04 -2.677502e-03 -2.030911e-03
<VARIANCE> 25
 3.382748e+01 3.628031e+01 4.600648e+01 2.294502e+01 9.100511e+01 4.563913e+01 5.834692e+01 5.632589e+01 3.456791e+01 4.004803e+01 4.066158e+01 4.632240e+01 1.656153e+00 1.407841e+00 1.798202e+00 1.585461e+00 4.502382e+00 2.970210e+00 3.744460e+00 3.177201e+00 2.837936e+00 2.797859e+00 2.639533e+00 2.465156e+00 1.004578e+00
<GCONST> 1.021376e+02
<STATE> 3
<MEAN> 25
 -1.651109e-08 -2.268430e-07 1.259320e-08 1.165062e-07 -3.503200e-08 7.789977e-08 -6.306777e-08 1.437152e-07 -9.648429e-08 -8.998416e-08 1.010382e-07 -1.644749e-08 3.964178e-03 4.991033e-03 -2.259726e-03 -8.660138e-04 -1.980516e-03 2.296586e-03 -1.050157e-04 -6.062090e-03 -3.834328e-04 3.311979e-04 1.732379e-04 -2.677502e-03 -2.030911e-03
<VARIANCE> 25
 3.382748e+01 3.628031e+01 4.600648e+01 2.294502e+01 9.100511e+01 4.563913e+01 5.834692e+01 5.632589e+01 3.456791e+01 4.004803e+01 4.066158e+01 4.632240e+01 1.656153e+00 1.407841e+00 1.798202e+00 1.585461e+00 4.502382e+00 2.970210e+00 3.744460e+00 3.177201e+00 2.837936e+00 2.797859e+00 2.639533e+00 2.465156e+00 1.004578e+00
<GCONST> 1.021376e+02
<STATE> 4
<MEAN> 25
 -1.651109e-08 -2.268430e-07 1.259320e-08 1.165062e-07 -3.503200e-08 7.789977e-08 -6.306777e-08 1.437152e-07 -9.648429e-08 -8.998416e-08 1.010382e-07 -1.644749e-08 3.964178e-03 4.991033e-03 -2.259726e-03 -8.660138e-04 -1.980516e-03 2.296586e-03 -1.050157e-04 -6.062090e-03 -3.834328e-04 3.311979e-04 1.732379e-04 -2.677502e-03 -2.030911e-03
<VARIANCE> 25
 3.382748e+01 3.628031e+01 4.600648e+01 2.294502e+01 9.100511e+01 4.563913e+01 5.834692e+01 5.632589e+01 3.456791e+01 4.004803e+01 4.066158e+01 4.632240e+01 1.656153e+00 1.407841e+00 1.798202e+00 1.585461e+00 4.502382e+00 2.970210e+00 3.744460e+00 3.177201e+00 2.837936e+00 2.797859e+00 2.639533e+00 2.465156e+00 1.004578e+00
<GCONST> 1.021376e+02
<TRANSP> 5
 0.000000e+00 1.000000e+00 0.000000e+00 0.000000e+00 0.000000e+00
 0.000000e+00 6.000000e-01 4.000000e-01 0.000000e+00 0.000000e+00
 0.000000e+00 0.000000e+00 6.000000e-01 4.000000e-01 0.000000e+00
 0.000000e+00 0.000000e+00 0.000000e+00 7.000000e-01 3.000000e-01
 0.000000e+00 0.000000e+00 0.000000e+00 0.000000e+00 0.000000e+00
<ENDHMM>
~h "l3_i"
<BEGINHMM>
<NUMSTATES> 5
<STATE> 2
<MEAN> 25
 2.603879e+00 -1.268893e+00 -9.326184e+00 -5.677383e+00 1.684140e+01 6.427485e+00 -1.378915e+00 1.050229e+00 2.468054e-01 -4.628619e-01 -5.601839e-01 5.451394e-01 -1.804234e-01 1.061518e-01 -2.065574e-02 -3.043846e-01 1.225882e+00 9.024751e-02 -1.341456e+00 2.156988e-01 4.507497e-03 -2.912939e-01 7.919834e-01 -1.738113e-01 -9.629879e-02
<VARIANCE> 25
 3.846466e+00 2.467470e+01 4.963549e+00 2.054053e+01 3.979239e+01 2.012307e+01 6.846962e+01 1.794601e+01 1.598427e+01 1.556728e+01 3.313868e+01 6.369620e+00 4.015365e-01 7.197025e-01 5.207291e-01 8.033263e-01 4.452677e+00 1.993038e+00 5.962130e+00 3.085282e+00 3.089489e+00 1.737273e+00 2.442231e+00 6.641071e-01 1.254408e-01
<GCONST> 8.286304e+01
<STATE> 3
<MEAN> 25
 1.521226e+00 -3.951389e+00 -9.011713e+00 -4.016735e+00 1.954823e+01 3.034251e+00 -7.042021e+00 -9.159811e-01 4.357397e+00 -3.871070e+00 -8.595967e-01 -2.637899e+00 3.423236e-01 3.233692e-01 1.709441e-01 2.173332e-01 -7.563138e-01 -5.584246e-01 7.720636e-01 -7.535158e-01 -1.012587e-01 -1.308371e-01 1.045471e-01 -2.294219e-01 -3.282059e-01
<VARIANCE> 25
 7.208989e+00 1.409879e+01 1.045840e+01 1.679356e+01 2.499182e+01 3.850142e+01 5.033144e+01 1.993854e+01 2.272604e+01 1.517499e+01 1.121499e+01 8.497047e+00 2.933862e-01 3.079770e-01 8.195655e-01 1.182317e+00 3.410380e+00 4.214516e+00 5.283806e+00 2.735340e+00 2.573952e+00 1.626114e+00 1.643625e+00 8.393316e-01 2.475201e-01
<GCONST> 8.317529e+01
<STATE> 4
<MEAN> 25
 3.618782e+00 -1.398548e+00 -4.714936e+00 -2.288436e+00 8.329227e+00 3.376019e-02 8.013649e-01 -1.584524e+00 -9.592780e-01 -3.272585e+00 1.123430e+00 -2.419672e+00 -1.666207e-01 -4.201065e-01 9.249161e-01 2.479488e-01 -1.259008e+00 1.032415e-01 5.426688e-01 1.179611e+00 -2.380940e-01 1.319868e-01 2.022792e-01 3.283203e-01 1.096841e-02
<VARIANCE> 25
 4.881510e+00 7.978422e+00 1.334064e+01 8.891580e+00 3.145161e+01 2.677293e+01 6.838572e+01 6.681541e+01 3.950563e+01 2.069118e+01 3.641175e+01 1.984467e+01 6.019381e-01 7.221062e-01 9.062272e-01 1.171826e+00 1.895340e+00 3.758949e+00 4.512130e+00 4.792389e+00 3.042179e+00 2.949455e+00 2.889148e+00 9.940014e-01 4.798916e-01
<GCONST> 8.961616e+01
<TRANSP> 5
 0.000000e+00 1.000000e+00 0.000000e+00 0.000000e+00 0.000000e+00
 0.000000e+00 8.762518e-01 1.237482e-01 0.000000e+00 0.000000e+00
 0.000000e+00 0.000000e+00 8.324293e-01 1.675707e-01 0.000000e+00
 0.000000e+00 0.000000e+00 0.000000e+00 8.869582e-01 1.130417e-01
 0.000000e+00 0.000000e+00 0.000000e+00 0.000000e+00 0.000000e+00
<ENDHMM>
~h "l3_u"
<BEGINHMM>
<NUMSTATES> 5
<STATE> 2
<MEAN> 25
 -1.651109e-08 -2.268430e-07 1.259320e-08 1.165062e-07 -3.503200e-08 7.789977e-08 -6.306777e-08 1.437152e-07 -9.648429e-08 -8.998416e-08 1.010382e-07 -1.644749e-08 3.964178e-03 4.991033e-03 -2.259726e-03 -8.660138e-04 -1.980516e-03 2.296586e-03 -1.050157e-04 -6.062090e-03 -3.834328e-04 3.311979e-04 1.732379e-04 -2.677502e-03 -2.030911e-03
<VARIANCE> 25
 3.382748e+01 3.628031e+01 4.600648e+01 2.294502e+01 9.100511e+01 4.563913e+01 5.834692e+01 5.632589e+01 3.456791e+01 4.004803e+01 4.066158e+01 4.632240e+01 1.656153e+00 1.407841e+00 1.798202e+00 1.585461e+00 4.502382e+00 2.970210e+00 3.744460e+00 3.177201e+00 2.837936e+00 2.797859e+00 2.639533e+00 2.465156e+00 1.004578e+00
<GCONST> 1.021376e+02
<STATE> 3
<MEAN> 25
 -1.651109e-08 -2.268430e-07 1.259320e-08 1.165062e-07 -3.503200e-08 7.789977e-08 -6.306777e-08 1.437152e-07 -9.648429e-08 -8.998416e-08 1.010382e-07 -1.644749e-08 3.964178e-03 4.991033e-03 -2.259726e-03 -8.660138e-04 -1.980516e-03 2.296586e-03 -1.050157e-04 -6.062090e-03 -3.834328e-04 3.311979e-04 1.732379e-04 -2.677502e-03 -2.030911e-03
<VARIANCE> 25
 3.382748e+01 3.628031e+01 4.600648e+01 2.294502e+01 9.100511e+01 4.563913e+01 5.834692e+01 5.632589e+01 3.456791e+01 4.004803e+01 4.066158e+01 4.632240e+01 1.656153e+00 1.407841e+00 1.798202e+00 1.585461e+00 4.502382e+00 2.970210e+00 3.744460e+00 3.177201e+00 2.837936e+00 2.797859e+00 2.639533e+00 2.465156e+00 1.004578e+00
<GCONST> 1.021376e+02
<STATE> 4
<MEAN> 25
 -1.651109e-08 -2.268430e-07 1.259320e-08 1.165062e-07 -3.503200e-08 7.789977e-08 -6.306777e-08 1.437152e-07 -9.648429e-08 -8.998416e-08 1.010382e-07 -1.644749e-08 3.964178e-03 4.991033e-03 -2.259726e-03 -8.660138e-04 -1.980516e-03 2.296586e-03 -1.050157e-04 -6.062090e-03 -3.834328e-04 3.311979e-04 1.732379e-04 -2.677502e-03 -2.030911e-03
<VARIANCE> 25
 3.382748e+01 3.628031e+01 4.600648e+01 2.294502e+01 9.100511e+01 4.563913e+01 5.834692e+01 5.632589e+01 3.456791e+01 4.004803e+01 4.066158e+01 4.632240e+01 1.656153e+00 1.407841e+00 1.798202e+00 1.585461e+00 4.502382e+00 2.970210e+00 3.744460e+00 3.177201e+00 2.837936e+00 2.797859e+00 2.639533e+00 2.465156e+00 1.004578e+00
<GCONST> 1.021376e+02
<TRANSP> 5
 0.000000e+00 1.000000e+00 0.000000e+00 0.000000e+00 0.000000e+00
 0.000000e+00 6.000000e-01 4.000000e-01 0.000000e+00 0.000000e+00
 0.000000e+00 0.000000e+00 6.000000e-01 4.000000e-01 0.000000e+00
 0.000000e+00 0.000000e+00 0.000000e+00 7.000000e-01 3.000000e-01
 0.000000e+00 0.000000e+00 0.000000e+00 0.000000e+00 0.000000e+00
<ENDHMM>
~h "l4_i"
<BEGINHMM>
<NUMSTATES> 5
<STATE> 2
<MEAN> 25
 -1.651109e-08 -2.268430e-07 1.259320e-08 1.165062e-07 -3.503200e-08 7.789977e-08 -6.306777e-08 1.437152e-07 -9.648429e-08 -8.998416e-08 1.010382e-07 -1.644749e-08 3.964178e-03 4.991033e-03 -2.259726e-03 -8.660138e-04 -1.980516e-03 2.296586e-03 -1.050157e-04 -6.062090e-03 -3.834328e-04 3.311979e-04 1.732379e-04 -2.677502e-03 -2.030911e-03
<VARIANCE> 25
 3.382748e+01 3.628031e+01 4.600648e+01 2.294502e+01 9.100511e+01 4.563913e+01 5.834692e+01 5.632589e+01 3.456791e+01 4.004803e+01 4.066158e+01 4.632240e+01 1.656153e+00 1.407841e+00 1.798202e+00 1.585461e+00 4.502382e+00 2.970210e+00 3.744460e+00 3.177201e+00 2.837936e+00 2.797859e+00 2.639533e+00 2.465156e+00 1.004578e+00
<GCONST> 1.021376e+02
<STATE> 3
<MEAN> 25
 -1.651109e-08 -2.268430e-07 1.259320e-08 1.165062e-07 -3.503200e-08 7.789977e-08 -6.306777e-08 1.437152e-07 -9.648429e-08 -8.998416e-08 1.010382e-07 -1.644749e-08 3.964178e-03 4.991033e-03 -2.259726e-03 -8.660138e-04 -1.980516e-03 2.296586e-03 -1.050157e-04 -6.062090e-03 -3.834328e-04 3.311979e-04 1.732379e-04 -2.677502e-03 -2.030911e-03
<VARIANCE> 25
 3.382748e+01 3.628031e+01 4.600648e+01 2.294502e+01 9.100511e+01 4.563913e+01 5.834692e+01 5.632589e+01 3.456791e+01 4.004803e+01 4.066158e+01 4.632240e+01 1.656153e+00 1.407841e+00 1.798202e+00 1.585461e+00 4.502382e+00 2.970210e+00 3.744460e+00 3.177201e+00 2.837936e+00 2.797859e+00 2.639533e+00 2.465156e+00 1.004578e+00
<GCONST> 1.021376e+02
<STATE> 4
<MEAN> 25
 -1.651109e-08 -2.268430e-07 1.259320e-08 1.165062e-07 -3.503200e-08 7.789977e-08 -6.306777e-08 1.437152e-07 -9.648429e-08 -8.998416e-08 1.010382e-07 -1.644749e-08 3.964178e-03 4.991033e-03 -2.259726e-03 -8.660138e-04 -1.980516e-03 2.296586e-03 -1.050157e-04 -6.062090e-03 -3.834328e-04 3.311979e-04 1.732379e-04 -2.677502e-03 -2.030911e-03
<VARIANCE> 25
 3.382748e+01 3.628031e+01 4.600648e+01 2.294502e+01 9.100511e+01 4.563913e+01 5.834692e+01 5.632589e+01 3.456791e+01 4.004803e+01 4.066158e+01 4.632240e+01 1.656153e+00 1.407841e+00 1.798202e+00 1.585461e+00 4.502382e+00 2.970210e+00 3.744460e+00 3.177201e+00 2.837936e+00 2.797859e+00 2.639533e+00 2.465156e+00 1.004578e+00
<GCONST> 1.021376e+02
<TRANSP> 5
 0.000000e+00 1.000000e+00 0.000000e+00 0.000000e+00 0.000000e+00
 0.000000e+00 6.000000e-01 4.000000e-01 0.000000e+00 0.000000e+00
 0.000000e+00 0.000000e+00 6.000000e-01 4.000000e-01 0.000000e+00
 0.000000e+00 0.000000e+00 0.000000e+00 7.000000e-01 3.000000e-01
 0.000000e+00 0.000000e+00 0.000000e+00 0.000000e+00 0.000000e+00
<ENDHMM>
~h "l4_u"
<BEGINHMM>
<NUMSTATES> 5
<STATE> 2
<MEAN> 25
 -9.149023e-01 -3.359803e+00 -3.210037e-01 1.198119e+00 -4.884645e+00 -4.197733e+00 2.984252e+00 -1.409790e+00 1.910025e+00 5.850774e+00 5.807629e+00 1.424520e+01 7.245305e-02 -1.206353e-01 -1.929329e-01 -2.038712e-02 8.975106e-02 -6.151435e-02 2.533152e-01 2.778686e-02 -9.533575e-03 4.855070e-02 -5.099738e-02 1.638930e-01 1.371855e-02
<VARIANCE> 25
 1.462670e+01 3.441172e+01 4.821662e+01 2.105326e+01 1.080667e+02 2.035227e+01 4.849584e+01 4.779946e+01 3.717946e+01 9.199507e+01 8.027078e+01 6.319492e+01 6.838523e-01 1.311023e+00 2.182354e+00 1.944751e+00 3.468548e+00 1.709647e+00 3.515007e+00 3.089560e+00 2.965751e+00 4.549461e+00 3.346532e+00 4.024746e+00 5.529078e-01
<GCONST> 1.013159e+02
<STATE> 3
<MEAN> 25
 -1.449129e-01 3.237268e-01 -1.095425e+00 1.509477e+00 -4.680469e+00 -5.067325e+00 3.201975e+00 -1.556095e+00 -1.684894e+00 9.453589e-01 -2.355557e+00 2.218415e+00 -1.537331e-02 1.275574e-01 1.061321e-01 1.287347e-02 6.306884e-02 5.779062e-03 -2.274581e-01 -4.008279e-02 8.402795e-02 -3.051554e-02 -4.524590e-02 -3.107022e-01 -3.458290e-02
<VARIANCE> 25
 2.655830e+01 1.789150e+01 2.572545e+01 1.235116e+01 4.352904e+01 3.131561e+01 6.693481e+01 4.672792e+01 4.263608e+01 5.087539e+01 6.813058e+01 5.886567e+01 1.898091e+00 1.605020e+00 2.032687e+00 1.106334e+00 2.572048e+00 3.514972e+00 6.544121e+00 4.655887e+00 3.527940e+00 3.592274e+00 3.858035e+00 3.833171e+00 1.152619e+00
<GCONST> 1.020344e+02
<STATE> 4
<MEAN> 25
 2.316723e+00 1.461125e+00 -1.319972e+00 -5.383869e-01 4.830033e+00 2.914599e+00 -3.387126e+00 -2.375132e+00 1.043997e+00 -1.396911e+00 -1.354305e+00 -5.732225e+00 -5.144097e-02 -2.430118e-02 3.539956e-02 1.293641e-02 3.182291e-02 8.055148e-02 3.925094e-02 3.596931e-02 -1.631895e-02 5.300877e-03 6.201289e-02 -2.373371e-02 2.367365e-03
<VARIANCE> 25
 3.951022e+01 2.252633e+01 5.428508e+01 2.905138e+01 1.031368e+02 5.653200e+01 4.059311e+01 3.785637e+01 3.279380e+01 3.671165e+01 3.648556e+01 2.439242e+01 1.809459e+00 1.315575e+00 2.619878e+00 1.685943e+00 4.390727e+00 3.660107e+00 3.919769e+00 2.910111e+00 3.352876e+00 3.021123e+00 3.247790e+00 2.456669e+00 7.715076e-01
<GCONST> 1.016910e+02
<TRANSP> 5
 0.000000e+00 1.000000e+00 0.000000e+00 0.000000e+00 0.000000e+00
 0.000000e+00 9.780729e-01 2.192708e-02 0.000000e+00 0.000000e+00
 0.000000e+00 0.000000e+00 9.825600e-01 1.744004e-02 0.000000e+00
 0.000000e+00 0.000000e+00 0.000000e+00 9.930344e-01 6.965596e-03
 0.000000e+00 0.000000e+00 0.000000e+00 0.000000e+00 0.000000e+00
<ENDHMM>
~h "l5_i"
<BEGINHMM>
<NUMSTATES> 5
<STATE> 2
<MEAN> 25
 6.069661e+00 -6.122081e+00 -1.093187e+01 1.899768e+00 1.327065e+00 5.008474e+00 -2.018759e+00 1.953052e+00 9.420699e-01 1.720827e+00 -6.774186e+00 1.156979e+00 -1.452574e-01 -4.678901e-02 1.533668e-01 1.906008e-01 -2.166834e-02 6.424631e-01 1.323323e-01 -5.191609e-01 -6.702825e-02 6.881140e-02 3.674102e-01 3.975507e-01 1.013288e-01
<VARIANCE> 25
 3.425565e+01 1.033967e+01 1.238330e+01 1.002861e+01 5.747715e+01 3.204182e+01 3.837430e+01 7.479366e+01 1.251489e+01 5.627099e+00 1.723318e+01 1.961177e+01 4.745536e-01 5.493582e-01 1.259586e+00 1.468901e+00 5.233736e+00 2.395121e+00 4.090302e+00 3.426574e+00 1.242010e+00 8.399459e-01 8.220505e-01 9.613303e-01 3.286485e-01
<GCONST> 8.533038e+01
<STATE> 3
<MEAN> 25
 -2.916767e+00 2.184035e+00 -7.600725e-01 3.033375e+00 3.781181e+00 9.437367e-01 1.343007e-01 1.673974e+00 1.588228e+00 3.070323e+00 5.627479e+00 7.641200e-01 3.634503e-02 4.083175e-02 4.675738e-02 -5.415308e-02 2.438396e-02 -3.095088e-02 -1.112303e-01 1.902866e-02 8.301478e-03 1.284049e-02 7.336934e-02 1.475005e-02 -1.710798e-01
<VARIANCE> 25
 2.694386e+01 1.332233e+01 2.144398e+01 1.401926e+01 4.292489e+01 1.712146e+01 2.038201e+01 2.625929e+01 1.301681e+01 2.007495e+01 1.467901e+01 1.281939e+01 6.201885e-01 6.230826e-01 8.863106e-01 9.056123e-01 2.027912e+00 1.734123e+00 1.544910e+00 1.691394e+00 1.517693e+00 1.791723e+00 1.415682e+00 1.285718e+00 1.539029e-01
<GCONST> 8.199680e+01
<STATE> 4
<MEAN> 25
 2.087686e+00 9.003787e-01 4.324995e-01 9.638579e-01 -5.972854e+00 -3.008622e+00 2.144991e+00 -3.198259e+00 -6.388198e-01 -3.307876e+00 -4.466450e+00 -3.728421e-01 4.815348e-02 -5.278232e-02 -5.887774e-02 -5.839929e-02 3.636277e-02 -3.606682e-02 7.136567e-02 -3.145661e-02 -3.483540e-02 -3.555854e-02 -1.427667e-01 1.901903e-03 1.011683e-01
<VARIANCE> 25
 2.567653e+01 5.209935e+01 5.640879e+01 2.695071e+01 1.031760e+02 2.600109e+01 6.258619e+01 3.401584e+01 2.961604e+01 4.206940e+01 3.578102e+01 3.273021e+01 1.259165e+00 2.369923e+00 1.930796e+00 2.013714e+00 6.994172e+00 2.403677e+00 4.768943e+00 2.940454e+00 2.559605e+00 3.031426e+00 2.807412e+00 3.189622e+00 2.513240e+00
<GCONST> 1.033002e+02
<TRANSP> 5
 0.000000e+00 1.000000e+00 0.000000e+00 0.000000e+00 0.000000e+00
 0.000000e+00 9.038721e-01 9.612791e-02 0.000000e+00 0.000000e+00
 0.000000e+00 0.000000e+00 9.838222e-01 1.617784e-02 0.000000e+00
 0.000000e+00 0.000000e+00 0.000000e+00 9.910088e-01 8.991171e-03
 0.000000e+00 0.000000e+00 0.000000e+00 0.000000e+00 0.000000e+00
<ENDHMM>
~h "l5_u"
<BEGINHMM>
<NUMSTATES> 5
<STATE> 2
<MEAN> 25
 -1.651109e-08 -2.268430e-07 1.259320e-08 1.165062e-07 -3.503200e-08 7.789977e-08 -6.306777e-08 1.437152e-07 -9.648429e-08 -8.998416e-08 1.010382e-07 -1.644749e-08 3.964178e-03 4.991033e-03 -2.259726e-03 -8.660138e-04 -1.980516e-03 2.296586e-03 -1.050157e-04 -6.062090e-03 -3.834328e-04 3.311979e-04 1.732379e-04 -2.677502e-03 -2.030911e-03
<VARIANCE> 25
 3.382748e+01 3.628031e+01 4.600648e+01 2.294502e+01 9.100511e+01 4.563913e+01 5.834692e+01 5.632589e+01 3.456791e+01 4.004803e+01 4.066158e+01 4.632240e+01 1.656153e+00 1.407841e+00 1.798202e+00 1.585461e+00 4.502382e+00 2.970210e+00 3.744460e+00 3.177201e+00 2.837936e+00 2.797859e+00 2.639533e+00 2.465156e+00 1.004578e+00
<GCONST> 1.021376e+02
<STATE> 3
<MEAN> 25
 -1.651109e-08 -2.268430e-07 1.259320e-08 1.165062e-07 -3.503200e-08 7.789977e-08 -6.306777e-08 1.437152e-07 -9.648429e-08 -8.998416e-08 1.010382e-07 -1.644749e-08 3.964178e-03 4.991033e-03 -2.259726e-03 -8.660138e-04 -1.980516e-03 2.296586e-03 -1.050157e-04 -6.062090e-03 -3.834328e-04 3.311979e-04 1.732379e-04 -2.677502e-03 -2.030911e-03
<VARIANCE> 25
 3.382748e+01 3.628031e+01 4.600648e+01 2.294502e+01 9.100511e+01 4.563913e+01 5.834692e+01 5.632589e+01 3.456791e+01 4.004803e+01 4.066158e+01 4.632240e+01 1.656153e+00 1.407841e+00 1.798202e+00 1.585461e+00 4.502382e+00 2.970210e+00 3.744460e+00 3.177201e+00 2.837936e+00 2.797859e+00 2.639533e+00 2.465156e+00 1.004578e+00
<GCONST> 1.021376e+02
<STATE> 4
<MEAN> 25
 -1.651109e-08 -2.268430e-07 1.259320e-08 1.165062e-07 -3.503200e-08 7.789977e-08 -6.306777e-08 1.437152e-07 -9.648429e-08 -8.998416e-08 1.010382e-07 -1.644749e-08 3.964178e-03 4.991033e-03 -2.259726e-03 -8.660138e-04 -1.980516e-03 2.296586e-03 -1.050157e-04 -6.062090e-03 -3.834328e-04 3.311979e-04 1.732379e-04 -2.677502e-03 -2.030911e-03
<VARIANCE> 25
 3.382748e+01 3.628031e+01 4.600648e+01 2.294502e+01 9.100511e+01 4.563913e+01 5.834692e+01 5.632589e+01 3.456791e+01 4.004803e+01 4.066158e+01 4.632240e+01 1.656153e+00 1.407841e+00 1.798202e+00 1.585461e+00 4.502382e+00 2.970210e+00 3.744460e+00 3.177201e+00 2.837936e+00 2.797859e+00 2.639533e+00 2.465156e+00 1.004578e+00
<GCONST> 1.021376e+02
<TRANSP> 5
 0.000000e+00 1.000000e+00 0.000000e+00 0.000000e+00 0.000000e+00
 0.000000e+00 6.000000e-01 4.000000e-01 0.000000e+00 0.000000e+00
 0.000000e+00 0.000000e+00 6.000000e-01 4.000000e-01 0.000000e+00
 0.000000e+00 0.000000e+00 0.000000e+00 7.000000e-01 3.000000e-01
 0.000000e+00 0.000000e+00 0.000000e+00 0.000000e+00 0.000000e+00
<ENDHMM>
~h "sil"
<BEGINHMM>
<NUMSTATES> 5
<STATE> 2
<MEAN> 25
 -3.107900e+00 -1.578325e+00 -2.940816e-02 1.813541e-01 4.982619e+00 2.278964e+00 -9.469369e-01 5.165245e+00 4.418882e-01 -1.069297e-01 3.494241e+00 1.309404e+00 -2.311655e-02 -6.294092e-02 3.441633e-03 -1.584451e-02 2.236354e-02 4.217434e-02 5.642506e-03 7.463803e-02 3.210192e-02 3.277235e-02 8.286634e-02 1.009062e-01 -1.445400e-01
<VARIANCE> 25
 3.731824e+01 2.795345e+01 2.895694e+01 1.500579e+01 3.177853e+01 2.369840e+01 2.986970e+01 3.019083e+01 2.153956e+01 2.556231e+01 2.125060e+01 2.314970e+01 4.513142e-01 5.017118e-01 8.296995e-01 8.573291e-01 1.142667e+00 1.280797e+00 1.467460e+00 1.723005e+00 1.601748e+00 1.724370e+00 1.505454e+00 1.377456e+00 2.159606e-01
<GCONST> 8.460427e+01
<STATE> 3
~s "silst"
<STATE> 4
<MEAN> 25
 1.399843e+00 2.433144e+00 1.572311e+00 -3.320228e-01 -2.519223e+00 -6.912999e-01 -1.173398e+00 -2.234643e+00 -1.241553e-01 -2.628501e-01 -1.222429e+00 -2.696796e+00 -2.013342e-02 4.301635e-02 -2.285612e-02 5.567020e-03 1.191777e-01 6.390171e-02 -7.792568e-02 1.926772e-02 -8.342382e-04 -4.192683e-03 3.633927e-02 -3.798195e-02 1.661386e-02
<VARIANCE> 25
 3.229126e+01 2.796019e+01 5.348477e+01 2.731257e+01 9.466202e+01 5.139754e+01 5.387666e+01 5.568763e+01 3.945606e+01 4.042456e+01 3.802785e+01 2.974599e+01 2.437287e+00 1.729366e+00 2.304859e+00 1.938841e+00 5.819199e+00 3.722692e+00 3.928061e+00 3.715411e+00 3.222818e+00 3.084192e+00 3.082111e+00 2.624921e+00 1.223102e+00
<GCONST> 1.042219e+02
<TRANSP> 5
 0.000000e+00 1.000000e+00 0.000000e+00 0.000000e+00 0.000000e+00
 0.000000e+00 8.946015e-01 4.634169e-02 5.905674e-02 0.000000e+00
 0.000000e+00 0.000000e+00 9.345598e-01 6.544019e-02 0.000000e+00
 0.000000e+00 4.554102e-02 0.000000e+00 9.487108e-01 5.748142e-03
 0.000000e+00 0.000000e+00 0.000000e+00 0.000000e+00 0.000000e+00
<ENDHMM>
