~o
<STREAMINFO> 1 25
<VECSIZE> 25<NULLD><MFCC_D_N_Z_0><DIAGC>
~s "silst"
<MEAN> 25
 -2.986370e+00 3.889540e+00 -3.543249e+00 2.069685e+00 -6.729537e-01 1.301035e+00 2.467416e-01 7.507558e-02 -7.476149e-01 2.018093e-01 6.545076e-01 -6.590687e-01 -1.075647e-01 3.472874e-02 -1.188556e-02 7.327051e-02 -6.033517e-04 4.451970e-02 -7.499625e-03 -5.938455e-03 -3.038185e-02 2.586642e-02 -1.196621e-02 -3.144300e-02 2.248566e-01
<VARIANCE> 25
 1.138169e+01 1.067546e+01 1.317630e+01 1.282620e+01 1.517687e+01 1.399364e+01 1.380540e+01 1.375183e+01 1.167113e+01 1.089320e+01 8.939336e+00 1.078695e+01 3.081582e-01 5.334492e-01 5.484249e-01 6.648164e-01 7.903380e-01 8.754714e-01 9.823756e-01 1.068866e+00 9.968436e-01 9.354194e-01 8.521049e-01 8.387631e-01 1.421268e+00
<GCONST> 7.270724e+01
~h "ek"
<BEGINHMM>
<NUMSTATES> 5
<STATE> 2
<MEAN> 25
 -1.888245e+00 2.191092e+00 -3.702590e+00 1.794858e-01 -3.538378e+00 3.274166e+00 3.097932e+00 1.963911e+00 1.012295e-01 7.273660e-01 1.344863e+00 2.087479e+00 -2.191322e-03 5.424130e-02 -1.218479e-02 -3.199032e-02 -1.161023e-02 -9.863285e-03 -1.137631e-02 8.650348e-03 -1.804747e-03 -1.985059e-02 -9.584698e-03 -1.160368e-02 1.485634e-02
<VARIANCE> 25
 2.947616e+00 9.799318e+00 7.262240e+00 6.068939e+00 7.790255e+00 1.315355e+01 1.039135e+01 8.725014e+00 9.938274e+00 1.160157e+01 8.200032e+00 7.924297e+00 1.676336e-01 6.923735e-01 4.407721e-01 5.770163e-01 7.745851e-01 9.523470e-01 1.092282e+00 8.796192e-01 9.969871e-01 1.283658e+00 9.088153e-01 7.739167e-01 2.143397e-01
<GCONST> 6.564207e+01
<STATE> 3
<MEAN> 25
 -3.330925e+00 2.227755e+00 -2.532623e+00 -2.460189e+00 -1.358441e+00 2.679787e+00 6.272942e-02 3.711892e+00 7.360351e-01 -7.364033e-02 -3.309524e-01 2.523893e+00 -1.513055e-01 -9.620300e-01 1.204513e+00 3.197834e-01 1.770405e+00 -1.415438e+00 -1.814611e+00 -6.863499e-01 2.933085e-01 1.575074e-01 -8.321750e-01 -5.642483e-01 1.430572e+00
<VARIANCE> 25
 5.594578e+00 6.520251e+00 6.641283e+00 7.826281e+00 1.410406e+01 1.487622e+01 8.413166e+00 4.383121e+00 6.372591e+00 3.135190e+00 6.175172e+00 8.505126e+00 1.198804e+00 1.852872e+00 4.942158e-01 1.597544e+00 1.985131e+00 1.721442e+00 9.645153e-01 3.512367e+00 5.016933e-01 1.587246e+00 4.317398e-01 9.648373e-01 9.767637e-01
<GCONST> 7.128786e+01
<STATE> 4
<MEAN> 25
 5.367044e+00 -7.487899e+00 1.391209e+01 1.171472e+00 1.383619e+01 -1.319076e+01 -1.073071e+01 -7.297218e+00 3.922115e-01 -1.366847e-01 -3.532083e+00 -6.885418e+00 4.675377e-01 -4.141953e-01 5.809462e-01 4.668403e-03 6.242534e-01 -3.579293e-01 -1.433046e-01 -2.797882e-01 -2.051210e-01 2.292556e-01 -3.919913e-02 -3.392898e-01 2.239378e-01
<VARIANCE> 25
 6.703214e+01 5.922806e+01 4.096574e+01 4.434593e+01 4.896288e+01 4.605665e+01 4.272437e+01 7.082297e+01 4.228510e+01 5.229005e+01 3.351833e+01 3.854810e+01 1.475226e+00 1.902289e+00 2.039276e+00 1.834757e+00 2.548432e+00 3.801442e+00 2.724779e+00 3.965910e+00 3.395173e+00 3.124428e+00 2.002064e+00 2.141396e+00 3.023676e+00
<GCONST> 1.042655e+02
<TRANSP> 5
 0.000000e+00 1.000000e+00 0.000000e+00 0.000000e+00 0.000000e+00
 0.000000e+00 9.890006e-01 1.099941e-02 0.000000e+00 0.000000e+00
 0.000000e+00 0.000000e+00 7.167131e-01 2.832869e-01 0.000000e+00
 0.000000e+00 0.000000e+00 0.000000e+00 9.659055e-01 3.409443e-02
 0.000000e+00 0.000000e+00 0.000000e+00 0.000000e+00 0.000000e+00
<ENDHMM>
~h "sp"
<BEGINHMM>
<NUMSTATES> 3
<STATE> 2
~s "silst"
<TRANSP> 3
 0.000000e+00 6.900373e-02 9.309963e-01
 0.000000e+00 9.438840e-01 5.611603e-02
 0.000000e+00 0.000000e+00 0.000000e+00
<ENDHMM>
~h "saat"
<BEGINHMM>
<NUMSTATES> 5
<STATE> 2
<MEAN> 25
 -1.598433e+00 4.254675e+00 -4.407601e+00 3.613877e+00 7.843279e-01 4.478493e-01 -6.864063e-01 6.704032e-01 -1.584804e+00 -2.705555e-02 -6.263289e-01 -1.742749e+00 -4.626041e-03 -6.788663e-03 -4.890122e-03 2.534933e-03 5.198250e-03 1.630685e-02 4.082427e-03 -1.116399e-02 1.735471e-02 1.749090e-02 6.362512e-03 1.655992e-02 1.449106e-02
<VARIANCE> 25
 2.087030e+00 3.761634e+00 5.168915e+00 6.602066e+00 6.651162e+00 8.857121e+00 7.931065e+00 8.200515e+00 1.050096e+01 8.268249e+00 6.073050e+00 6.783987e+00 6.758769e-02 1.900691e-01 2.858119e-01 3.788233e-01 4.995316e-01 6.286514e-01 7.231178e-01 7.646827e-01 8.860657e-01 8.726155e-01 7.023169e-01 6.393833e-01 5.158101e-02
<GCONST> 5.561988e+01
<STATE> 3
<MEAN> 25
 -2.518456e+00 3.058538e+00 -3.002692e+00 4.069173e+00 -1.035848e+00 2.611488e+00 -8.412244e-01 -1.266932e-01 -1.303759e+00 4.820918e-01 -9.694676e-01 -1.780785e+00 2.397492e-01 -2.431092e-01 5.481192e-01 1.594193e-01 -1.859110e-03 2.142083e-01 -5.521834e-02 -6.223410e-02 1.192124e-01 -6.618377e-02 -1.481840e-01 -1.136068e-02 3.733848e-01
<VARIANCE> 25
 8.031524e+00 5.870102e+00 1.077147e+01 1.202321e+01 8.947649e+00 1.236407e+01 1.046956e+01 8.952532e+00 1.251633e+01 1.161587e+01 1.367894e+01 6.801036e+00 1.685057e+00 2.156859e+00 1.715125e+00 1.340779e+00 1.452374e+00 1.804712e+00 1.279532e+00 1.228425e+00 1.570807e+00 1.517785e+00 1.914722e+00 8.697734e-01 1.019166e+00
<GCONST> 7.835973e+01
<STATE> 4
<MEAN> 25
 -9.307837e+00 -4.307241e+00 1.035920e+01 -5.602810e-01 1.128404e+00 3.977761e+00 1.927993e+00 -3.111708e+00 2.439136e+00 -1.193155e-01 5.618765e-01 1.171708e-02 -2.829316e-02 -3.713706e-01 3.914140e-01 -4.521499e-01 2.135310e-01 -2.878402e-01 2.447291e-01 -2.475909e-01 1.688534e-01 -1.300981e-01 1.618472e-01 2.444990e-02 6.542588e-01
<VARIANCE> 25
 8.468028e+01 4.324868e+01 3.985186e+01 3.462786e+01 3.050374e+01 7.190923e+01 4.706123e+01 3.855283e+01 3.861882e+01 1.777320e+01 2.607967e+01 1.780292e+01 6.320441e+00 3.980002e+00 3.242811e+00 2.591283e+00 2.111186e+00 3.680727e+00 2.583237e+00 3.041513e+00 2.627672e+00 1.631750e+00 2.040020e+00 1.525949e+00 2.040726e+00
<GCONST> 1.020213e+02
<TRANSP> 5
 0.000000e+00 1.000000e+00 0.000000e+00 0.000000e+00 0.000000e+00
 0.000000e+00 9.832132e-01 1.678678e-02 0.000000e+00 0.000000e+00
 0.000000e+00 0.000000e+00 8.795490e-01 1.204509e-01 0.000000e+00
 0.000000e+00 0.000000e+00 0.000000e+00 9.623258e-01 3.767422e-02
 0.000000e+00 0.000000e+00 0.000000e+00 0.000000e+00 0.000000e+00
<ENDHMM>
~h "saha"
<BEGINHMM>
<NUMSTATES> 5
<STATE> 2
<MEAN> 25
 -2.658149e+00 4.912289e+00 -4.778033e+00 4.515100e+00 1.355513e+00 9.872744e-01 -1.764769e+00 7.356373e-01 -1.933973e+00 -7.145256e-01 7.666050e-01 -1.685431e+00 -5.284138e-03 -3.768986e-02 1.852929e-03 -2.073060e-02 -3.845207e-02 6.738300e-03 6.278594e-03 5.132597e-03 -1.622532e-02 -4.802991e-03 2.556079e-02 1.879569e-02 3.837088e-02
<VARIANCE> 25
 3.566366e+00 4.993680e+00 1.147023e+01 6.769774e+00 9.053837e+00 1.115678e+01 1.389992e+01 1.226348e+01 7.439413e+00 7.843838e+00 8.684058e+00 6.957172e+00 9.013007e-02 2.847020e-01 4.477091e-01 3.997892e-01 4.967051e-01 6.589652e-01 7.821961e-01 7.613400e-01 7.923631e-01 7.321285e-01 7.615856e-01 6.544062e-01 7.740375e-02
<GCONST> 6.028236e+01
<STATE> 3
<MEAN> 25
 -1.198299e+01 -2.505874e+00 6.395439e+00 2.830191e+00 -1.753794e+00 5.330630e+00 -1.200974e+00 -1.375944e+00 2.113677e+00 -9.940220e-01 3.550713e+00 -2.365275e+00 -4.552824e-01 -4.635997e-01 6.616539e-01 -2.112445e-01 1.085988e-01 -1.625470e-02 1.131101e-01 -8.977231e-02 2.184473e-01 -2.448301e-02 -8.120799e-03 -3.403430e-02 8.345302e-01
<VARIANCE> 25
 5.320821e+01 4.537928e+01 1.246251e+02 3.952414e+01 4.958559e+01 2.949445e+01 2.255745e+01 2.684016e+01 2.705878e+01 1.867027e+01 1.336730e+01 1.603995e+01 1.604535e+00 4.433013e+00 3.989394e+00 1.998665e+00 4.174804e+00 1.754130e+00 2.732758e+00 2.398618e+00 2.400350e+00 2.081776e+00 1.301730e+00 1.579551e+00 1.859614e+00
<GCONST> 9.838445e+01
<STATE> 4
<MEAN> 25
 9.310190e+00 -8.035065e+00 7.091893e+00 -9.917437e+00 2.154944e+00 -6.734468e+00 4.141765e+00 6.360990e-01 -3.250743e-01 1.611007e+00 -3.544525e+00 5.016532e+00 6.173530e-01 -4.478202e-02 -1.237121e-01 -2.997624e-01 -1.047468e-01 -3.548859e-02 6.644578e-02 4.209675e-02 1.421930e-01 2.939851e-02 -3.469912e-01 2.314585e-01 -1.690431e-01
<VARIANCE> 25
 1.155469e+02 3.034319e+01 3.177015e+01 7.806126e+01 5.821794e+01 3.666690e+01 8.896793e+01 9.052224e+01 6.178064e+01 6.028909e+01 6.168851e+01 4.513401e+01 4.544807e+00 2.646726e+00 2.357889e+00 3.496063e+00 3.875183e+00 3.912593e+00 4.880927e+00 4.759600e+00 3.880568e+00 6.379665e+00 4.099400e+00 3.805389e+00 8.687564e-01
<GCONST> 1.110163e+02
<TRANSP> 5
 0.000000e+00 1.000000e+00 0.000000e+00 0.000000e+00 0.000000e+00
 0.000000e+00 9.848479e-01 1.515208e-02 0.000000e+00 0.000000e+00
 0.000000e+00 0.000000e+00 9.427573e-01 5.724271e-02 0.000000e+00
 0.000000e+00 0.000000e+00 0.000000e+00 9.702281e-01 2.977194e-02
 0.000000e+00 0.000000e+00 0.000000e+00 0.000000e+00 0.000000e+00
<ENDHMM>
~h "char"
<BEGINHMM>
<NUMSTATES> 5
<STATE> 2
<MEAN> 25
 -3.045537e+00 4.539554e+00 -2.375081e+00 1.715400e+00 3.405011e-02 2.054842e+00 4.051416e-01 2.557234e-01 -4.012986e-01 8.109131e-02 -4.859577e-02 -2.128847e+00 2.087303e-03 6.622805e-03 -2.716362e-03 -7.212876e-03 1.140846e-02 2.066494e-03 -9.296350e-04 2.635767e-02 3.843339e-02 1.938680e-02 9.083417e-03 -3.268509e-03 7.651782e-03
<VARIANCE> 25
 1.530493e+00 2.726679e+00 3.617082e+00 4.274613e+00 4.991632e+00 6.164896e+00 5.084186e+00 8.949867e+00 9.098148e+00 9.710976e+00 6.717145e+00 6.420865e+00 6.983013e-02 2.317787e-01 2.968866e-01 3.845010e-01 4.797469e-01 5.697234e-01 5.114169e-01 7.968257e-01 9.856077e-01 9.765127e-01 8.556519e-01 8.323599e-01 5.296490e-02
<GCONST> 5.379948e+01
<STATE> 3
<MEAN> 25
 -3.242550e+00 2.604358e+00 -3.913774e+00 2.185349e+00 -1.876336e+00 1.955236e-01 9.704411e-02 7.838507e-01 6.728637e-01 2.444427e+00 1.792627e+00 -3.249435e+00 -8.534493e-01 -1.485133e+00 1.555097e+00 -1.169448e-01 -4.733167e-01 3.612736e-01 -4.706920e-01 1.323173e-01 3.898791e-01 -7.683170e-01 3.012525e-01 -2.357565e-01 1.125377e+00
<VARIANCE> 25
 6.360475e+00 1.478686e+01 1.085832e+01 2.347753e+01 5.132957e+00 1.525284e+01 1.381102e+01 8.754303e+00 4.575905e+00 1.163433e+01 6.208559e+00 8.398523e+00 1.383751e+00 5.047017e+00 2.740542e+00 3.019411e+00 8.577939e-01 3.108300e+00 3.818228e+00 1.887151e+00 1.437046e+00 2.694998e+00 1.304660e+00 1.198254e+00 1.672501e+00
<GCONST> 8.244342e+01
<STATE> 4
<MEAN> 25
 3.893196e+00 -8.170762e+00 7.578049e+00 -6.817310e+00 2.021214e+00 -3.796315e+00 -1.625892e-01 7.160972e-01 1.368219e+00 2.008730e+00 -1.139934e+00 4.942506e+00 3.938212e-01 -1.145726e-01 5.414545e-02 -1.387906e-01 7.739648e-02 -1.867974e-01 -3.934993e-02 8.160582e-03 -7.130044e-02 6.118613e-02 -6.601553e-02 1.338464e-01 2.113880e-01
<VARIANCE> 25
 1.142931e+02 2.454723e+01 4.811978e+01 8.212270e+01 9.057056e+01 6.209200e+01 5.147439e+01 6.173592e+01 7.174884e+01 4.033461e+01 5.331192e+01 6.926799e+01 4.758769e+00 2.506920e+00 3.896594e+00 3.387125e+00 6.112020e+00 5.981316e+00 5.475337e+00 4.443449e+00 5.587711e+00 3.589931e+00 4.471894e+00 3.853986e+00 2.342563e+00
<GCONST> 1.135980e+02
<TRANSP> 5
 0.000000e+00 1.000000e+00 0.000000e+00 0.000000e+00 0.000000e+00
 0.000000e+00 9.823643e-01 1.763570e-02 0.000000e+00 0.000000e+00
 0.000000e+00 0.000000e+00 7.276608e-01 2.723392e-01 0.000000e+00
 0.000000e+00 0.000000e+00 0.000000e+00 9.702156e-01 2.978436e-02
 0.000000e+00 0.000000e+00 0.000000e+00 0.000000e+00 0.000000e+00
<ENDHMM>
~h "teen"
<BEGINHMM>
<NUMSTATES> 5
<STATE> 2
<MEAN> 25
 -2.343229e+00 3.389776e+00 -5.800441e+00 -1.686161e+00 -3.836870e+00 2.438133e+00 1.522491e+00 -2.349543e-01 -1.478185e+00 2.411448e+00 2.010134e-01 1.805482e+00 1.024459e-02 -1.998667e-03 -2.688006e-03 4.445973e-03 4.104555e-03 8.963658e-04 2.043326e-02 1.737631e-02 1.450574e-02 -6.778048e-03 2.558542e-02 1.713564e-02 3.348908e-02
<VARIANCE> 25
 1.218121e+00 3.332027e+00 6.775326e+00 4.192205e+00 5.027908e+00 8.427394e+00 8.092695e+00 9.658757e+00 6.903986e+00 7.773219e+00 5.960975e+00 4.879995e+00 8.065426e-02 2.072823e-01 3.492886e-01 4.690968e-01 5.922342e-01 7.194445e-01 9.425895e-01 7.515621e-01 6.425735e-01 1.029698e+00 6.930450e-01 5.531577e-01 6.313484e-02
<GCONST> 5.492064e+01
<STATE> 3
<MEAN> 25
 -2.627976e+00 4.237003e-01 -5.284476e+00 -7.905492e-01 -4.029434e+00 6.326254e-01 2.752195e+00 2.431286e+00 -1.455448e+00 1.466429e+00 -5.951928e-01 1.983200e+00 -5.340017e-04 -3.140155e-01 2.112106e-02 4.001049e-02 -8.781715e-02 4.982497e-02 3.949115e-02 -2.243218e-01 5.569656e-02 -2.902630e-02 -3.057564e-02 -1.131838e-01 2.314885e-01
<VARIANCE> 25
 2.139334e+00 1.853387e+01 9.511386e+00 7.480521e+00 5.004243e+00 9.489085e+00 1.161924e+01 9.431277e+00 9.105887e+00 7.561948e+00 9.495530e+00 7.605303e+00 3.224844e-01 3.803545e+00 1.493527e+00 1.176948e+00 6.921714e-01 1.200719e+00 1.514123e+00 7.867320e-01 1.455471e+00 1.067513e+00 1.494907e+00 9.485087e-01 1.627830e+00
<GCONST> 7.299603e+01
<STATE> 4
<MEAN> 25
 4.632297e+00 -1.019879e+01 1.887619e+01 4.984391e+00 1.375058e+01 -1.325868e+01 -2.576377e+00 -4.063993e+00 5.575691e+00 -6.636891e+00 -1.789569e+00 -6.441975e+00 4.543477e-01 -1.092300e-01 6.109421e-01 1.249129e-01 3.615904e-01 -3.077517e-01 -2.907912e-01 3.535684e-02 1.116289e-01 -2.126322e-01 5.881409e-02 -2.897670e-01 8.607738e-02
<VARIANCE> 25
 2.864625e+01 3.364148e+01 1.158548e+02 3.209615e+01 1.124609e+02 8.973963e+01 3.282791e+01 9.871967e+01 7.014639e+01 6.153450e+01 3.669470e+01 3.130964e+01 1.540088e+00 2.546853e+00 5.160305e+00 3.291937e+00 5.580050e+00 6.397649e+00 3.904858e+00 4.222900e+00 3.661471e+00 6.681113e+00 4.808099e+00 3.348539e+00 2.829863e+00
<GCONST> 1.113519e+02
<TRANSP> 5
 0.000000e+00 1.000000e+00 0.000000e+00 0.000000e+00 0.000000e+00
 0.000000e+00 9.885688e-01 1.143119e-02 0.000000e+00 0.000000e+00
 0.000000e+00 0.000000e+00 9.531218e-01 4.687823e-02 0.000000e+00
 0.000000e+00 0.000000e+00 0.000000e+00 9.620281e-01 3.797187e-02
 0.000000e+00 0.000000e+00 0.000000e+00 0.000000e+00 0.000000e+00
<ENDHMM>
~h "don"
<BEGINHMM>
<NUMSTATES> 5
<STATE> 2
<MEAN> 25
 -6.996274e+00 3.308148e+00 -6.013903e+00 8.772084e-01 -8.615268e-01 -5.053695e-01 3.975853e+00 -1.232517e+00 3.451207e-01 2.357583e+00 -1.057912e-01 1.010399e+00 -1.414949e-02 -7.454361e-02 -1.820694e-02 -1.549966e-02 5.935491e-04 -2.671494e-02 -2.045850e-02 -1.877650e-02 1.612179e-02 2.345994e-02 4.838600e-02 1.447986e-02 3.334385e-02
<VARIANCE> 25
 2.235098e+00 7.099080e+00 5.071718e+00 3.057018e+00 9.128308e+00 6.233743e+00 6.976967e+00 8.382171e+00 9.417904e+00 9.938032e+00 7.699060e+00 7.464655e+00 7.393987e-02 2.381898e-01 2.937554e-01 3.577535e-01 5.073589e-01 4.508078e-01 6.993264e-01 7.338106e-01 9.196346e-01 1.010488e+00 7.054377e-01 6.857562e-01 6.261601e-02
<GCONST> 5.614788e+01
<STATE> 3
<MEAN> 25
 -5.414747e+00 -3.900938e+00 -7.119445e+00 -7.699068e-01 1.546639e+00 -1.688139e+00 3.351326e+00 -4.283266e+00 7.125127e-01 -7.879305e-01 2.564282e+00 3.225805e+00 6.802485e-02 -4.910322e-02 -4.891151e-03 1.235676e-01 -5.343733e-02 9.142023e-02 -5.629481e-02 4.119738e-03 9.251799e-02 -3.100150e-02 -1.296428e-01 -2.077678e-02 1.294737e-02
<VARIANCE> 25
 5.477191e+00 4.209935e+01 3.506391e+01 1.562936e+01 1.373705e+01 5.424390e+01 1.989791e+01 1.402653e+01 2.061283e+01 1.519729e+01 9.957350e+00 1.436377e+01 8.287583e-01 2.700135e+00 1.775411e+00 1.420517e+00 1.804461e+00 3.262879e+00 1.113471e+00 1.633305e+00 1.676131e+00 1.385210e+00 1.172137e+00 1.421023e+00 1.526499e-01
<GCONST> 8.422350e+01
<STATE> 4
<MEAN> 25
 1.136897e+01 -6.034797e+00 1.013578e+01 -2.022196e+00 -6.203160e-01 -6.698382e-01 -7.143993e+00 3.083581e+00 -3.256072e+00 -3.922393e+00 1.437939e+00 -3.344839e+00 3.746076e-01 -2.101472e-01 2.938833e-01 1.261431e-01 -1.558686e-01 2.231890e-02 -2.613930e-01 2.353009e-01 -1.130719e-01 -3.381546e-01 3.038429e-02 -1.341825e-01 1.579417e-01
<VARIANCE> 25
 8.565112e+01 6.841044e+01 6.535175e+01 1.245695e+02 5.515100e+01 7.663045e+01 7.960636e+01 8.234579e+01 8.859899e+01 4.977546e+01 4.461079e+01 3.483840e+01 5.741340e+00 3.953091e+00 3.580905e+00 6.312250e+00 4.712848e+00 5.743088e+00 6.385615e+00 4.683079e+00 7.113561e+00 6.192131e+00 6.054616e+00 4.486703e+00 1.980576e+00
<GCONST> 1.172120e+02
<TRANSP> 5
 0.000000e+00 1.000000e+00 0.000000e+00 0.000000e+00 0.000000e+00
 0.000000e+00 9.844497e-01 1.555029e-02 0.000000e+00 0.000000e+00
 0.000000e+00 0.000000e+00 9.372230e-01 6.277701e-02 0.000000e+00
 0.000000e+00 0.000000e+00 0.000000e+00 9.569696e-01 4.303042e-02
 0.000000e+00 0.000000e+00 0.000000e+00 0.000000e+00 0.000000e+00
<ENDHMM>
~h "nau"
<BEGINHMM>
<NUMSTATES> 5
<STATE> 2
<MEAN> 25
 -6.916433e+00 3.149302e+00 -5.250682e+00 1.233361e+00 -2.322004e-01 1.220157e+00 1.967562e+00 -6.415433e-01 1.489800e+00 3.295827e-01 1.382951e+00 1.843898e-01 1.184067e-02 7.229447e-03 -2.811171e-02 3.167208e-03 2.475527e-02 -1.899632e-02 1.711616e-02 4.361872e-02 2.414159e-02 9.767141e-03 1.309836e-02 -1.305622e-03 -3.902583e-03
<VARIANCE> 25
 3.274697e+00 3.911329e+00 3.890889e+00 4.578474e+00 1.067033e+01 1.498697e+01 1.088240e+01 9.253791e+00 9.080823e+00 9.524268e+00 7.958887e+00 7.684252e+00 5.811467e-02 2.291242e-01 2.929832e-01 3.555139e-01 4.305143e-01 6.464260e-01 7.446702e-01 9.191325e-01 8.453112e-01 7.912706e-01 6.317610e-01 6.140338e-01 5.158101e-02
<GCONST> 5.708475e+01
<STATE> 3
<MEAN> 25
 -4.075252e+00 -2.089484e+00 -6.532189e+00 5.452503e+00 2.544351e+00 1.405464e+00 -2.841871e-01 5.368726e-01 1.519619e+00 -3.831472e+00 8.526003e-02 8.157617e-01 4.518148e-01 -1.897532e-01 3.849043e-01 9.287913e-01 4.356951e-01 4.082581e-01 -2.813519e-01 -3.338954e-01 1.768497e-01 -2.474874e-01 -3.768718e-01 -1.965429e-01 4.342293e-01
<VARIANCE> 25
 7.610462e+00 2.497037e+01 1.090861e+01 1.668727e+01 6.401395e+00 1.270953e+01 1.358219e+01 2.146493e+01 1.693193e+01 2.143365e+01 2.508219e+01 1.891877e+01 5.814440e-01 8.981178e-01 7.565577e-01 1.352848e+00 7.094615e-01 1.609755e+00 1.372195e+00 1.827433e+00 1.820628e+00 1.968395e+00 2.014546e+00 9.714130e-01 1.577585e-01
<GCONST> 7.905566e+01
<STATE> 4
<MEAN> 25
 1.524858e+01 -6.665736e+00 3.996798e+00 1.308856e+01 2.739800e+00 9.368177e+00 -8.877918e+00 -5.177250e+00 2.144708e+00 -6.556257e-01 -4.878012e+00 -3.861427e+00 1.325220e+00 -7.471666e-01 7.643329e-01 -2.689975e-01 2.865554e-01 -2.203289e-02 -4.132268e-01 1.887789e-01 -5.722719e-01 -5.130496e-01 -1.330026e-01 -1.689472e-01 4.251612e-01
<VARIANCE> 25
 9.313911e+01 7.066111e+01 3.413770e+01 7.310822e+01 4.988199e+01 7.511903e+01 1.121391e+02 8.950513e+01 8.245502e+01 7.175955e+01 6.634875e+01 3.755138e+01 6.632604e+00 3.722889e+00 2.468732e+00 6.930492e+00 5.381407e+00 7.369209e+00 9.287601e+00 4.844616e+00 4.119332e+00 6.154275e+00 4.012021e+00 2.600273e+00 1.532684e+00
<GCONST> 1.160480e+02
<TRANSP> 5
 0.000000e+00 1.000000e+00 0.000000e+00 0.000000e+00 0.000000e+00
 0.000000e+00 9.860394e-01 1.396063e-02 0.000000e+00 0.000000e+00
 0.000000e+00 0.000000e+00 8.758489e-01 1.241511e-01 0.000000e+00
 0.000000e+00 0.000000e+00 0.000000e+00 9.210837e-01 7.891632e-02
 0.000000e+00 0.000000e+00 0.000000e+00 0.000000e+00 0.000000e+00
<ENDHMM>
~h "sil"
<BEGINHMM>
<NUMSTATES> 5
<STATE> 2
<MEAN> 25
 4.424642e-01 1.173344e+00 -4.204871e-01 1.769229e+00 1.230630e+00 1.647731e+00 6.029798e-01 1.206605e+00 7.505277e-01 -3.034616e-01 1.724681e+00 1.180580e+00 -1.628489e+00 2.299088e-01 -7.250322e-01 -3.055030e-01 -1.042514e+00 -5.314068e-01 1.113912e-01 -5.923496e-01 -2.660603e-01 -4.819926e-01 1.601987e-01 -3.856197e-01 4.800482e+00
<VARIANCE> 25
 9.494395e+01 4.439926e+01 3.767581e+01 4.010885e+01 7.057250e+01 3.920370e+01 3.090478e+01 4.009443e+01 3.196041e+01 2.981695e+01 2.194315e+01 2.403539e+01 1.297413e+01 7.302025e+00 6.762005e+00 6.246888e+00 7.774511e+00 6.699062e+00 5.140578e+00 5.360200e+00 4.790916e+00 3.637749e+00 4.337236e+00 3.189661e+00 3.402856e+01
<GCONST> 1.143651e+02
<STATE> 3
~s "silst"
<STATE> 4
<MEAN> 25
 1.030495e+01 -7.595541e+00 8.531011e+00 -7.400595e+00 -1.079974e+00 -4.226039e+00 -1.671067e+00 -6.568334e-01 6.202275e-02 -1.039992e+00 -6.237625e-01 1.067243e+00 2.403453e-01 -7.439362e-03 6.933066e-02 8.337388e-02 -1.689245e-01 2.499942e-01 -6.127259e-03 8.311026e-02 -1.216326e-01 1.963660e-01 -1.897518e-01 1.011709e-01 -3.340514e-01
<VARIANCE> 25
 1.374057e+02 6.612180e+01 8.386702e+01 1.019633e+02 1.473176e+02 1.085906e+02 8.352223e+01 7.826929e+01 8.734824e+01 8.149389e+01 6.747203e+01 6.432928e+01 2.784698e+00 2.701675e+00 3.321443e+00 4.962743e+00 5.292845e+00 4.604830e+00 4.564600e+00 5.029548e+00 5.678899e+00 6.475545e+00 5.218536e+00 3.871251e+00 1.352641e+00
<GCONST> 1.178870e+02
<TRANSP> 5
 0.000000e+00 1.000000e+00 0.000000e+00 0.000000e+00 0.000000e+00
 0.000000e+00 7.129923e-01 1.619718e-01 1.250359e-01 0.000000e+00
 0.000000e+00 0.000000e+00 9.209838e-01 7.901622e-02 0.000000e+00
 0.000000e+00 8.293874e-02 0.000000e+00 8.174036e-01 9.965760e-02
 0.000000e+00 0.000000e+00 0.000000e+00 0.000000e+00 0.000000e+00
<ENDHMM>
~h "shunya"
<BEGINHMM>
<NUMSTATES> 5
<STATE> 2
<MEAN> 25
 -5.815667e+00 7.691912e+00 -5.931220e+00 1.072543e-01 -5.000634e+00 1.737699e+00 3.101369e+00 4.601358e-01 -9.790921e-01 8.421462e-01 -3.467275e-01 1.302441e+00 -2.858482e-03 -1.584316e-02 -2.818194e-02 3.360017e-03 3.826069e-03 -2.054288e-02 -2.951396e-02 -9.871894e-03 -1.028789e-02 -1.700276e-02 5.591586e-04 1.794363e-02 2.638074e-02
<VARIANCE> 25
 1.781331e+00 8.323565e+00 4.713027e+00 7.212652e+00 1.056271e+01 9.801289e+00 1.300325e+01 1.113880e+01 8.513402e+00 8.751902e+00 6.276434e+00 7.065434e+00 1.154361e-01 4.376817e-01 3.635475e-01 4.834972e-01 5.545645e-01 6.288522e-01 8.991090e-01 7.163994e-01 7.030598e-01 7.773615e-01 5.762837e-01 6.397284e-01 1.386692e-01
<GCONST> 6.009310e+01
<STATE> 3
<MEAN> 25
 -5.004403e+00 4.435440e+00 -4.255912e+00 1.100012e+00 -2.384376e+00 2.161875e+00 -9.118876e-02 7.058825e-01 3.727644e-01 -8.014898e-01 1.612129e-01 1.901957e+00 8.132741e-01 -2.124272e+00 1.475086e+00 2.329383e-01 1.016249e+00 3.057820e-01 -3.823024e-01 -7.208346e-02 1.399973e-01 -7.033558e-01 3.304442e-01 -4.769993e-01 7.910259e-01
<VARIANCE> 25
 8.316933e+00 2.611290e+01 1.303046e+01 1.934445e+01 2.787299e+01 1.465310e+01 1.917278e+01 1.335704e+01 1.474433e+01 1.778174e+01 2.003662e+01 7.939104e+00 2.418352e+00 1.144657e+01 4.791481e+00 6.766624e+00 3.295685e+00 2.741725e+00 5.135310e+00 3.263536e+00 3.543557e+00 2.221286e+00 2.723618e+00 1.776075e+00 6.669689e-01
<GCONST> 9.410793e+01
<STATE> 4
<MEAN> 25
 8.785531e+00 -1.280961e+01 8.617364e+00 1.401391e+00 6.480839e+00 -1.215960e+00 -5.187310e+00 5.519033e-01 1.290777e+00 -1.252928e+00 -8.119829e-01 -2.019393e+00 3.371563e-01 -2.301755e-02 8.951305e-02 -1.555620e-02 9.719901e-02 -1.537283e-01 -1.302256e-01 -2.903459e-02 -2.572281e-02 1.291936e-01 -1.051450e-01 -4.966737e-02 1.304164e-01
<VARIANCE> 25
 3.086530e+02 3.974595e+01 4.000489e+01 7.804912e+01 1.006480e+02 1.151866e+02 6.850877e+01 4.842544e+01 6.886698e+01 4.077269e+01 5.656197e+01 3.466981e+01 6.206190e+00 3.758587e+00 4.046742e+00 5.830998e+00 6.387081e+00 7.552039e+00 3.409940e+00 3.950247e+00 5.674139e+00 3.906241e+00 4.440481e+00 2.519961e+00 2.299248e+00
<GCONST> 1.155279e+02
<TRANSP> 5
 0.000000e+00 1.000000e+00 0.000000e+00 0.000000e+00 0.000000e+00
 0.000000e+00 9.854847e-01 1.451527e-02 0.000000e+00 0.000000e+00
 0.000000e+00 0.000000e+00 8.329816e-01 1.670184e-01 0.000000e+00
 0.000000e+00 0.000000e+00 0.000000e+00 9.805506e-01 1.944937e-02
 0.000000e+00 0.000000e+00 0.000000e+00 0.000000e+00 0.000000e+00
<ENDHMM>
~h "pach"
<BEGINHMM>
<NUMSTATES> 5
<STATE> 2
<MEAN> 25
 -3.860945e+00 5.043273e+00 -3.715209e+00 4.159936e+00 2.526186e-01 2.192347e+00 -2.039632e-01 -7.060391e-01 -8.157064e-01 -1.423889e-01 2.359673e-01 -2.345025e+00 -1.700797e-02 9.577484e-03 5.992837e-03 2.142875e-02 1.841997e-02 1.238448e-03 3.550539e-03 1.711266e-02 2.758272e-02 1.486336e-02 -7.628120e-03 -3.771155e-02 -4.315620e-03
<VARIANCE> 25
 3.944314e+00 2.545414e+00 6.649093e+00 5.479375e+00 5.960592e+00 6.498746e+00 5.254212e+00 7.064551e+00 8.032636e+00 6.385760e+00 8.974154e+00 7.168408e+00 7.834650e-02 1.795260e-01 2.595191e-01 3.943962e-01 4.708769e-01 5.709891e-01 5.648613e-01 7.281880e-01 6.935832e-01 6.634619e-01 6.472478e-01 7.841728e-01 5.158101e-02
<GCONST> 5.405727e+01
<STATE> 3
<MEAN> 25
 -3.358133e+00 2.704260e+00 -2.648609e+00 4.795007e+00 3.595673e-01 7.148767e-01 4.019216e-01 5.336049e-01 2.258506e-01 1.009757e-01 3.093775e-01 -3.954747e+00 1.013457e+00 -8.794061e-01 1.531469e-01 -9.966291e-01 -6.143264e-01 -5.002922e-01 -2.557366e-01 2.833075e-01 -1.487370e-01 -3.645621e-01 -4.621501e-01 3.418009e-01 2.128127e+00
<VARIANCE> 25
 1.136899e+01 1.626290e+01 1.118454e+01 6.502097e+00 5.006049e+00 4.085783e+00 1.585032e+01 6.814957e+00 1.001010e+01 1.013863e+01 1.281590e+01 4.894381e+00 2.041511e+00 2.630855e+00 2.301271e+00 2.622815e+00 2.065723e+00 9.645284e-01 1.673053e+00 8.104382e-01 7.874942e-01 1.393953e+00 9.785367e-01 1.110817e+00 6.113985e+00
<GCONST> 7.837231e+01
<STATE> 4
<MEAN> 25
 1.533775e+01 -1.555858e+01 8.817998e+00 -1.622149e+01 2.442975e+00 -1.087148e+01 5.782433e-01 3.880578e+00 3.480608e+00 2.203930e+00 -3.205110e+00 6.337670e+00 4.406903e-01 -4.525315e-01 6.535050e-01 -5.236717e-01 3.952028e-01 -3.558579e-01 3.089395e-02 -1.544097e-01 -2.200380e-01 -2.862701e-03 -6.061016e-02 4.754251e-01 -2.041484e-02
<VARIANCE> 25
 2.831230e+01 5.287297e+01 2.914342e+01 4.355295e+01 3.793187e+01 4.529694e+01 2.117779e+01 4.987799e+01 4.033761e+01 4.692218e+01 7.527370e+01 3.930743e+01 3.149322e+00 3.926705e+00 2.100347e+00 4.302880e+00 3.605114e+00 2.628897e+00 2.332908e+00 5.197595e+00 4.437561e+00 4.548210e+00 3.684162e+00 2.406276e+00 2.230647e+00
<GCONST> 1.058040e+02
<TRANSP> 5
 0.000000e+00 1.000000e+00 0.000000e+00 0.000000e+00 0.000000e+00
 0.000000e+00 9.868332e-01 1.316685e-02 0.000000e+00 0.000000e+00
 0.000000e+00 0.000000e+00 7.727508e-01 2.272492e-01 0.000000e+00
 0.000000e+00 0.000000e+00 0.000000e+00 9.404786e-01 5.952137e-02
 0.000000e+00 0.000000e+00 0.000000e+00 0.000000e+00 0.000000e+00
<ENDHMM>
~h "aath"
<BEGINHMM>
<NUMSTATES> 5
<STATE> 2
<MEAN> 25
 -4.266962e+00 3.542400e+00 -1.400910e+00 4.279102e+00 1.442742e+00 1.107815e+00 -9.301667e-01 -1.725224e-02 -1.161232e+00 -2.899553e-01 5.788637e-01 -2.389142e+00 1.001799e-02 3.950398e-02 -2.910110e-02 -9.916495e-03 1.729270e-02 1.676080e-02 2.319064e-02 6.273237e-03 -3.769305e-04 7.177458e-03 -4.151339e-03 -1.037140e-03 5.009457e-03
<VARIANCE> 25
 2.376225e+00 6.212831e+00 4.594681e+00 1.030174e+01 8.536045e+00 9.614861e+00 8.305363e+00 9.026760e+00 7.671759e+00 1.090507e+01 1.062312e+01 6.136303e+00 1.114711e-01 3.081316e-01 2.731971e-01 4.794384e-01 4.794546e-01 6.237512e-01 7.940114e-01 7.945406e-01 8.610771e-01 5.685239e-01 6.354872e-01 6.500511e-01 8.112453e-02
<GCONST> 5.864320e+01
<STATE> 3
<MEAN> 25
 -5.412385e+00 1.658805e+00 -1.497104e+00 2.071621e+00 -1.447834e+00 2.219573e+00 8.709129e-01 1.153776e+00 -7.988479e-01 -1.732381e+00 5.711090e-01 -1.409874e+00 8.053225e-02 -4.442790e-01 8.464329e-02 -4.444428e-01 -5.946241e-01 1.015014e-01 3.824826e-01 1.639452e-01 4.144050e-01 -2.015596e-01 -3.813658e-01 1.512878e-01 5.821275e-01
<VARIANCE> 25
 1.455733e+01 3.715481e+01 2.352741e+01 1.801960e+01 2.739391e+01 2.670680e+01 2.422644e+01 1.599443e+01 1.973741e+01 2.243998e+01 1.735649e+01 9.874736e+00 1.143033e+00 3.477664e+00 1.781026e+00 1.926319e+00 2.556451e+00 2.396140e+00 2.298031e+00 1.899418e+00 3.095300e+00 2.364834e+00 2.459721e+00 1.405241e+00 2.081972e+00
<GCONST> 9.194505e+01
<STATE> 4
<MEAN> 25
 1.221788e+01 -9.995149e+00 3.639636e+00 -1.158464e+01 -4.267663e+00 -4.283348e+00 2.857601e+00 1.762159e+00 4.157588e+00 2.081407e+00 -5.582268e+00 5.767934e+00 7.832769e-01 -1.818491e-01 3.685461e-02 -9.972174e-03 3.897363e-01 -1.046757e-01 -3.102125e-01 -4.295519e-01 -3.752847e-01 2.170028e-01 2.415383e-01 2.243324e-01 -6.242298e-02
<VARIANCE> 25
 7.861461e+01 6.821823e+01 4.387942e+01 5.437903e+01 1.394121e+02 9.663634e+01 6.896616e+01 8.012038e+01 9.916153e+01 9.674998e+01 9.971939e+01 5.668938e+01 3.027148e+00 2.749055e+00 2.914741e+00 5.750413e+00 8.443192e+00 7.842200e+00 4.874489e+00 7.486876e+00 6.842199e+00 5.566943e+00 6.580453e+00 5.604589e+00 2.349198e+00
<GCONST> 1.190757e+02
<TRANSP> 5
 0.000000e+00 1.000000e+00 0.000000e+00 0.000000e+00 0.000000e+00
 0.000000e+00 9.815032e-01 1.849674e-02 0.000000e+00 0.000000e+00
 0.000000e+00 0.000000e+00 9.313680e-01 6.863204e-02 0.000000e+00
 0.000000e+00 0.000000e+00 0.000000e+00 9.645178e-01 3.548222e-02
 0.000000e+00 0.000000e+00 0.000000e+00 0.000000e+00 0.000000e+00
<ENDHMM>
