~o
<STREAMINFO> 1 25
<VECSIZE> 25<NULLD><MFCC_D_N_Z_0><DIAGC>
~h "l1_i"
<BEGINHMM>
<NUMSTATES> 5
<STATE> 2
<MEAN> 25
 -1.651109e-08 -2.268430e-07 1.259320e-08 1.165062e-07 -3.503200e-08 7.789977e-08 -6.306777e-08 1.437152e-07 -9.648429e-08 -8.998416e-08 1.010382e-07 -1.644749e-08 3.964178e-03 4.991033e-03 -2.259726e-03 -8.660138e-04 -1.980516e-03 2.296586e-03 -1.050157e-04 -6.062090e-03 -3.834328e-04 3.311979e-04 1.732379e-04 -2.677502e-03 -2.030911e-03
<VARIANCE> 25
 3.382748e+01 3.628031e+01 4.600648e+01 2.294502e+01 9.100511e+01 4.563913e+01 5.834692e+01 5.632589e+01 3.456791e+01 4.004803e+01 4.066158e+01 4.632240e+01 1.656153e+00 1.407841e+00 1.798202e+00 1.585461e+00 4.502382e+00 2.970210e+00 3.744460e+00 3.177201e+00 2.837936e+00 2.797859e+00 2.639533e+00 2.465156e+00 1.004578e+00
<GCONST> 1.021376e+02
<STATE> 3
<MEAN> 25
 -1.651109e-08 -2.268430e-07 1.259320e-08 1.165062e-07 -3.503200e-08 7.789977e-08 -6.306777e-08 1.437152e-07 -9.648429e-08 -8.998416e-08 1.010382e-07 -1.644749e-08 3.964178e-03 4.991033e-03 -2.259726e-03 -8.660138e-04 -1.980516e-03 2.296586e-03 -1.050157e-04 -6.062090e-03 -3.834328e-04 3.311979e-04 1.732379e-04 -2.677502e-03 -2.030911e-03
<VARIANCE> 25
 3.382748e+01 3.628031e+01 4.600648e+01 2.294502e+01 9.100511e+01 4.563913e+01 5.834692e+01 5.632589e+01 3.456791e+01 4.004803e+01 4.066158e+01 4.632240e+01 1.656153e+00 1.407841e+00 1.798202e+00 1.585461e+00 4.502382e+00 2.970210e+00 3.744460e+00 3.177201e+00 2.837936e+00 2.797859e+00 2.639533e+00 2.465156e+00 1.004578e+00
<GCONST> 1.021376e+02
<STATE> 4
<MEAN> 25
 -1.651109e-08 -2.268430e-07 1.259320e-08 1.165062e-07 -3.503200e-08 7.789977e-08 -6.306777e-08 1.437152e-07 -9.648429e-08 -8.998416e-08 1.010382e-07 -1.644749e-08 3.964178e-03 4.991033e-03 -2.259726e-03 -8.660138e-04 -1.980516e-03 2.296586e-03 -1.050157e-04 -6.062090e-03 -3.834328e-04 3.311979e-04 1.732379e-04 -2.677502e-03 -2.030911e-03
<VARIANCE> 25
 3.382748e+01 3.628031e+01 4.600648e+01 2.294502e+01 9.100511e+01 4.563913e+01 5.834692e+01 5.632589e+01 3.456791e+01 4.004803e+01 4.066158e+01 4.632240e+01 1.656153e+00 1.407841e+00 1.798202e+00 1.585461e+00 4.502382e+00 2.970210e+00 3.744460e+00 3.177201e+00 2.837936e+00 2.797859e+00 2.639533e+00 2.465156e+00 1.004578e+00
<GCONST> 1.021376e+02
<TRANSP> 5
 0.000000e+00 1.000000e+00 0.000000e+00 0.000000e+00 0.000000e+00
 0.000000e+00 6.000000e-01 4.000000e-01 0.000000e+00 0.000000e+00
 0.000000e+00 0.000000e+00 6.000000e-01 4.000000e-01 0.000000e+00
 0.000000e+00 0.000000e+00 0.000000e+00 7.000000e-01 3.000000e-01
 0.000000e+00 0.000000e+00 0.000000e+00 0.000000e+00 0.000000e+00
<ENDHMM>
~h "l1_u"
<BEGINHMM>
<NUMSTATES> 5
<STATE> 2
<MEAN> 25
 -2.815425e+00 1.493907e+00 -1.388510e+00 2.254740e+00 -3.343348e+00 -7.168407e+00 2.994085e+00 -5.464950e-01 3.538319e-01 3.156741e-01 2.162244e+00 1.098855e+01 1.005266e-01 1.709265e-01 -8.008438e-02 -2.201811e-01 7.497384e-02 6.249715e-04 2.264613e-01 5.564661e-02 -9.510011e-02 2.928974e-03 -3.267426e-01 -1.718733e-01 -6.855276e-02
<VARIANCE> 25
 1.048558e+01 2.837521e+01 9.376204e+00 1.284824e+01 1.999891e+01 4.385418e+01 5.253466e+01 4.288950e+01 1.908649e+01 3.141200e+01 5.477699e+01 4.365141e+01 8.364328e-01 1.440552e+00 9.614121e-01 1.467580e+00 1.800734e+00 2.245940e+00 5.119462e+00 2.284107e+00 2.061542e+00 2.260862e+00 3.192493e+00 3.304050e+00 1.649580e-01
<GCONST> 9.158627e+01
<STATE> 3
<MEAN> 25
 -1.691177e-01 6.637900e-01 -2.812519e+00 1.355867e+00 -2.982629e+00 -2.453267e+00 3.788766e+00 -9.640313e-01 -1.148484e-01 7.915151e-01 -3.119597e+00 6.554626e+00 2.573954e-01 -1.564941e-01 -1.038947e-01 -2.300130e-02 1.369850e-02 7.945517e-02 -3.233018e-02 5.913359e-02 2.051318e-01 1.301312e-01 -2.040431e-01 -4.440185e-01 -6.720493e-02
<VARIANCE> 25
 1.741630e+01 4.501333e+01 1.130163e+01 1.262461e+01 1.314235e+01 7.227461e+01 6.487188e+01 3.634487e+01 2.806315e+01 3.767149e+01 4.540967e+01 6.206469e+01 6.845191e-01 1.696115e+00 7.914638e-01 1.265608e+00 1.421525e+00 2.405617e+00 4.978564e+00 2.583125e+00 2.554815e+00 3.005363e+00 3.732460e+00 2.197395e+00 2.264669e-01
<GCONST> 9.369316e+01
<STATE> 4
<MEAN> 25
 2.041292e+00 5.956738e-01 -1.641971e+00 -7.952502e-01 -9.330157e-01 4.226386e-01 4.237303e-01 -2.766038e+00 -2.695248e-01 9.021419e-01 -1.946602e+00 -2.418065e+00 1.416735e-02 -2.085361e-02 2.038847e-02 -1.376380e-02 5.126775e-03 3.666813e-02 -7.450846e-03 2.589148e-02 -1.280230e-03 -4.483014e-02 -6.867779e-03 -3.848011e-03 3.336959e-03
<VARIANCE> 25
 2.710383e+01 2.233158e+01 3.237474e+01 2.169340e+01 9.517949e+01 5.207309e+01 7.843562e+01 4.862830e+01 5.133889e+01 4.962469e+01 3.519201e+01 6.043137e+01 1.109902e+00 1.019972e+00 1.485820e+00 1.852857e+00 4.055672e+00 3.017554e+00 4.403639e+00 3.656971e+00 3.009896e+00 2.672657e+00 2.800583e+00 2.694657e+00 7.727463e-01
<GCONST> 1.014358e+02
<TRANSP> 5
 0.000000e+00 1.000000e+00 0.000000e+00 0.000000e+00 0.000000e+00
 0.000000e+00 9.503543e-01 4.964563e-02 0.000000e+00 0.000000e+00
 0.000000e+00 0.000000e+00 9.298134e-01 7.018655e-02 0.000000e+00
 0.000000e+00 0.000000e+00 0.000000e+00 9.947527e-01 5.247290e-03
 0.000000e+00 0.000000e+00 0.000000e+00 0.000000e+00 0.000000e+00
<ENDHMM>
~h "l2_i"
<BEGINHMM>
<NUMSTATES> 5
<STATE> 2
<MEAN> 25
 2.967131e-02 -2.749381e+00 -2.484751e+00 1.737062e+00 7.667395e-01 -1.302639e+00 3.816890e-01 -1.280995e+00 -1.619511e+00 -1.642219e+00 -2.198205e+00 2.496833e+00 -6.011290e-02 -7.381342e-02 -1.071908e-01 4.832868e-02 1.148431e-01 1.953901e-01 -1.379762e-01 -1.048905e-01 5.532104e-02 -1.203365e-02 3.318986e-02 -2.329243e-02 -9.807469e-03
<VARIANCE> 25
 1.558972e+01 2.921317e+01 3.027262e+01 1.679381e+01 5.806380e+01 4.009792e+01 6.104811e+01 6.319537e+01 5.562125e+01 3.326475e+01 3.845053e+01 2.794883e+01 1.474146e+00 1.683849e+00 1.647792e+00 1.388384e+00 6.155194e+00 3.592439e+00 5.688360e+00 4.905290e+00 5.410767e+00 2.589461e+00 3.725429e+00 2.952691e+00 1.497762e+00
<GCONST> 1.024163e+02
<STATE> 3
<MEAN> 25
 -4.615708e-01 -2.825320e+00 -2.998146e+00 9.423877e-01 1.931334e+00 7.277393e-01 5.032362e-01 -3.257934e-01 -1.096073e+00 -3.657387e-01 -2.766749e+00 1.982836e+00 -8.021234e-03 9.590811e-04 1.579831e-01 -1.056629e-01 -1.432579e-01 2.826442e-02 3.388620e-02 -2.714595e-02 1.245766e-01 1.163167e-02 2.246348e-02 -7.690595e-02 3.420995e-02
<VARIANCE> 25
 2.090028e+01 2.475513e+01 2.982045e+01 1.551046e+01 6.163215e+01 2.956200e+01 5.036451e+01 6.102977e+01 4.853037e+01 2.491826e+01 3.611530e+01 2.222793e+01 1.783715e+00 1.642233e+00 2.085940e+00 1.348682e+00 7.189347e+00 3.072757e+00 3.655897e+00 4.849335e+00 3.961654e+00 2.530376e+00 3.007997e+00 2.562943e+00 9.489926e-01
<GCONST> 1.000312e+02
<STATE> 4
<MEAN> 25
 1.056984e+00 1.066605e+00 3.875941e-01 1.050773e-01 -1.766311e+00 -9.817984e-01 1.103347e+00 -8.999550e-02 2.890746e-01 8.260939e-02 -5.279909e-01 -2.137706e+00 -2.183393e-02 3.180810e-02 -5.483704e-03 -5.488531e-03 5.334079e-02 1.566467e-02 -3.722234e-03 3.642391e-02 -1.192121e-02 -4.343887e-03 2.270760e-02 -1.945167e-02 1.400365e-02
<VARIANCE> 25
 3.382605e+01 3.234600e+01 3.642643e+01 1.739030e+01 6.794907e+01 5.429516e+01 4.936982e+01 4.760373e+01 3.016716e+01 2.857995e+01 2.726198e+01 2.255008e+01 2.125804e+00 1.909748e+00 1.783819e+00 1.427764e+00 5.079393e+00 3.414633e+00 3.591520e+00 3.312496e+00 2.941613e+00 2.552742e+00 2.343925e+00 2.007202e+00 9.459270e-01
<GCONST> 9.972662e+01
<TRANSP> 5
 0.000000e+00 1.000000e+00 0.000000e+00 0.000000e+00 0.000000e+00
 0.000000e+00 9.663365e-01 3.366344e-02 0.000000e+00 0.000000e+00
 0.000000e+00 0.000000e+00 9.544612e-01 4.553884e-02 0.000000e+00
 0.000000e+00 0.000000e+00 0.000000e+00 9.919376e-01 8.062451e-03
 0.000000e+00 0.000000e+00 0.000000e+00 0.000000e+00 0.000000e+00
<ENDHMM>
~h "l2_u"
<BEGINHMM>
<NUMSTATES> 5
<STATE> 2
<MEAN> 25
 -1.651109e-08 -2.268430e-07 1.259320e-08 1.165062e-07 -3.503200e-08 7.789977e-08 -6.306777e-08 1.437152e-07 -9.648429e-08 -8.998416e-08 1.010382e-07 -1.644749e-08 3.964178e-03 4.991033e-03 -2.259726e-03 -8.660138e-04 -1.980516e-03 2.296586e-03 -1.050157e-04 -6.062090e-03 -3.834328e-04 3.311979e-04 1.732379e-04 -2.677502e-03 -2.030911e-03
<VARIANCE> 25
 3.382748e+01 3.628031e+01 4.600648e+01 2.294502e+01 9.100511e+01 4.563913e+01 5.834692e+01 5.632589e+01 3.456791e+01 4.004803e+01 4.066158e+01 4.632240e+01 1.656153e+00 1.407841e+00 1.798202e+00 1.585461e+00 4.502382e+00 2.970210e+00 3.744460e+00 3.177201e+00 2.837936e+00 2.797859e+00 2.639533e+00 2.465156e+00 1.004578e+00
<GCONST> 1.021376e+02
<STATE> 3
<MEAN> 25
 -1.651109e-08 -2.268430e-07 1.259320e-08 1.165062e-07 -3.503200e-08 7.789977e-08 -6.306777e-08 1.437152e-07 -9.648429e-08 -8.998416e-08 1.010382e-07 -1.644749e-08 3.964178e-03 4.991033e-03 -2.259726e-03 -8.660138e-04 -1.980516e-03 2.296586e-03 -1.050157e-04 -6.062090e-03 -3.834328e-04 3.311979e-04 1.732379e-04 -2.677502e-03 -2.030911e-03
<VARIANCE> 25
 3.382748e+01 3.628031e+01 4.600648e+01 2.294502e+01 9.100511e+01 4.563913e+01 5.834692e+01 5.632589e+01 3.456791e+01 4.004803e+01 4.066158e+01 4.632240e+01 1.656153e+00 1.407841e+00 1.798202e+00 1.585461e+00 4.502382e+00 2.970210e+00 3.744460e+00 3.177201e+00 2.837936e+00 2.797859e+00 2.639533e+00 2.465156e+00 1.004578e+00
<GCONST> 1.021376e+02
<STATE> 4
<MEAN> 25
 -1.651109e-08 -2.268430e-07 1.259320e-08 1.165062e-07 -3.503200e-08 7.789977e-08 -6.306777e-08 1.437152e-07 -9.648429e-08 -8.998416e-08 1.010382e-07 -1.644749e-08 3.964178e-03 4.991033e-03 -2.259726e-03 -8.660138e-04 -1.980516e-03 2.296586e-03 -1.050157e-04 -6.062090e-03 -3.834328e-04 3.311979e-04 1.732379e-04 -2.677502e-03 -2.030911e-03
<VARIANCE> 25
 3.382748e+01 3.628031e+01 4.600648e+01 2.294502e+01 9.100511e+01 4.563913e+01 5.834692e+01 5.632589e+01 3.456791e+01 4.004803e+01 4.066158e+01 4.632240e+01 1.656153e+00 1.407841e+00 1.798202e+00 1.585461e+00 4.502382e+00 2.970210e+00 3.744460e+00 3.177201e+00 2.837936e+00 2.797859e+00 2.639533e+00 2.465156e+00 1.004578e+00
<GCONST> 1.021376e+02
<TRANSP> 5
 0.000000e+00 1.000000e+00 0.000000e+00 0.000000e+00 0.000000e+00
 0.000000e+00 6.000000e-01 4.000000e-01 0.000000e+00 0.000000e+00
 0.000000e+00 0.000000e+00 6.000000e-01 4.000000e-01 0.000000e+00
 0.000000e+00 0.000000e+00 0.000000e+00 7.000000e-01 3.000000e-01
 0.000000e+00 0.000000e+00 0.000000e+00 0.000000e+00 0.000000e+00
<ENDHMM>
~h "l3_i"
<BEGINHMM>
<NUMSTATES> 5
<STATE> 2
<MEAN> 25
 -4.055336e-02 -1.342728e+00 -1.997858e+00 -6.316447e-02 -2.173941e-01 -1.671067e+00 2.561339e+00 -7.733641e-01 -1.361632e+00 1.156164e+00 1.068916e+00 5.517148e+00 -4.035950e-02 -1.637256e-02 -5.037903e-02 -1.293002e-02 1.227118e-01 1.832123e-02 1.188546e-02 5.824481e-02 5.557938e-02 5.630475e-02 5.405171e-03 1.251467e-01 -8.836470e-03
<VARIANCE> 25
 1.752022e+01 2.145269e+01 3.340208e+01 2.061142e+01 8.426010e+01 4.258815e+01 8.056902e+01 7.293462e+01 3.045869e+01 4.752525e+01 7.199809e+01 6.520161e+01 8.623598e-01 1.158254e+00 1.176202e+00 1.620670e+00 2.996892e+00 2.254940e+00 4.399179e+00 3.754197e+00 2.612051e+00 2.833496e+00 3.057936e+00 3.202083e+00 6.829641e-01
<GCONST> 1.002673e+02
<STATE> 3
<MEAN> 25
 -1.178904e+00 -3.666914e-01 -1.786071e+00 -1.615865e+00 4.062838e+00 -5.559406e-01 2.214639e-01 1.556276e-01 -2.796347e-01 2.281446e+00 2.499872e+00 6.729160e+00 9.513808e-03 -1.601887e-02 2.563552e-02 -4.133533e-03 -3.815515e-02 1.989556e-02 -3.171523e-03 1.116216e-02 4.881825e-02 -3.240644e-02 -9.667282e-03 -1.689214e-02 -1.295465e-02
<VARIANCE> 25
 2.345317e+01 2.481666e+01 2.766106e+01 2.191285e+01 7.123712e+01 5.985769e+01 6.011779e+01 6.011409e+01 2.777353e+01 6.016782e+01 5.405067e+01 6.888024e+01 9.418180e-01 1.100482e+00 1.044195e+00 1.640853e+00 2.694337e+00 2.809958e+00 3.354311e+00 3.076821e+00 1.941746e+00 3.203366e+00 2.944525e+00 2.785837e+00 7.511377e-01
<GCONST> 9.949344e+01
<STATE> 4
<MEAN> 25
 1.271577e-01 8.046870e-01 1.306032e+00 4.174501e-01 -2.855485e+00 -7.773231e-01 1.309768e+00 -8.571655e-01 -4.967681e-01 -1.442064e+00 -1.881791e+00 -1.449000e+00 4.594204e-03 1.305912e-02 9.061094e-03 -2.667658e-03 1.216476e-02 -1.147235e-02 -1.018317e-04 2.613723e-02 -1.562166e-02 2.291428e-03 3.316456e-03 -2.738848e-02 7.062430e-04
<VARIANCE> 25
 2.786763e+01 3.778149e+01 3.794809e+01 2.338348e+01 9.795236e+01 4.372007e+01 7.266990e+01 5.197840e+01 3.851537e+01 3.567412e+01 3.417435e+01 4.482017e+01 1.691859e+00 1.646914e+00 1.683822e+00 1.375075e+00 4.834195e+00 3.359054e+00 4.881033e+00 3.270316e+00 3.098459e+00 2.766839e+00 2.714883e+00 2.391340e+00 1.056578e+00
<GCONST> 1.023493e+02
<TRANSP> 5
 0.000000e+00 1.000000e+00 0.000000e+00 0.000000e+00 0.000000e+00
 0.000000e+00 9.851623e-01 1.483772e-02 0.000000e+00 0.000000e+00
 0.000000e+00 0.000000e+00 9.868153e-01 1.318462e-02 0.000000e+00
 0.000000e+00 0.000000e+00 0.000000e+00 9.963728e-01 3.627190e-03
 0.000000e+00 0.000000e+00 0.000000e+00 0.000000e+00 0.000000e+00
<ENDHMM>
~h "l3_u"
<BEGINHMM>
<NUMSTATES> 5
<STATE> 2
<MEAN> 25
 -1.651109e-08 -2.268430e-07 1.259320e-08 1.165062e-07 -3.503200e-08 7.789977e-08 -6.306777e-08 1.437152e-07 -9.648429e-08 -8.998416e-08 1.010382e-07 -1.644749e-08 3.964178e-03 4.991033e-03 -2.259726e-03 -8.660138e-04 -1.980516e-03 2.296586e-03 -1.050157e-04 -6.062090e-03 -3.834328e-04 3.311979e-04 1.732379e-04 -2.677502e-03 -2.030911e-03
<VARIANCE> 25
 3.382748e+01 3.628031e+01 4.600648e+01 2.294502e+01 9.100511e+01 4.563913e+01 5.834692e+01 5.632589e+01 3.456791e+01 4.004803e+01 4.066158e+01 4.632240e+01 1.656153e+00 1.407841e+00 1.798202e+00 1.585461e+00 4.502382e+00 2.970210e+00 3.744460e+00 3.177201e+00 2.837936e+00 2.797859e+00 2.639533e+00 2.465156e+00 1.004578e+00
<GCONST> 1.021376e+02
<STATE> 3
<MEAN> 25
 -1.651109e-08 -2.268430e-07 1.259320e-08 1.165062e-07 -3.503200e-08 7.789977e-08 -6.306777e-08 1.437152e-07 -9.648429e-08 -8.998416e-08 1.010382e-07 -1.644749e-08 3.964178e-03 4.991033e-03 -2.259726e-03 -8.660138e-04 -1.980516e-03 2.296586e-03 -1.050157e-04 -6.062090e-03 -3.834328e-04 3.311979e-04 1.732379e-04 -2.677502e-03 -2.030911e-03
<VARIANCE> 25
 3.382748e+01 3.628031e+01 4.600648e+01 2.294502e+01 9.100511e+01 4.563913e+01 5.834692e+01 5.632589e+01 3.456791e+01 4.004803e+01 4.066158e+01 4.632240e+01 1.656153e+00 1.407841e+00 1.798202e+00 1.585461e+00 4.502382e+00 2.970210e+00 3.744460e+00 3.177201e+00 2.837936e+00 2.797859e+00 2.639533e+00 2.465156e+00 1.004578e+00
<GCONST> 1.021376e+02
<STATE> 4
<MEAN> 25
 -1.651109e-08 -2.268430e-07 1.259320e-08 1.165062e-07 -3.503200e-08 7.789977e-08 -6.306777e-08 1.437152e-07 -9.648429e-08 -8.998416e-08 1.010382e-07 -1.644749e-08 3.964178e-03 4.991033e-03 -2.259726e-03 -8.660138e-04 -1.980516e-03 2.296586e-03 -1.050157e-04 -6.062090e-03 -3.834328e-04 3.311979e-04 1.732379e-04 -2.677502e-03 -2.030911e-03
<VARIANCE> 25
 3.382748e+01 3.628031e+01 4.600648e+01 2.294502e+01 9.100511e+01 4.563913e+01 5.834692e+01 5.632589e+01 3.456791e+01 4.004803e+01 4.066158e+01 4.632240e+01 1.656153e+00 1.407841e+00 1.798202e+00 1.585461e+00 4.502382e+00 2.970210e+00 3.744460e+00 3.177201e+00 2.837936e+00 2.797859e+00 2.639533e+00 2.465156e+00 1.004578e+00
<GCONST> 1.021376e+02
<TRANSP> 5
 0.000000e+00 1.000000e+00 0.000000e+00 0.000000e+00 0.000000e+00
 0.000000e+00 6.000000e-01 4.000000e-01 0.000000e+00 0.000000e+00
 0.000000e+00 0.000000e+00 6.000000e-01 4.000000e-01 0.000000e+00
 0.000000e+00 0.000000e+00 0.000000e+00 7.000000e-01 3.000000e-01
 0.000000e+00 0.000000e+00 0.000000e+00 0.000000e+00 0.000000e+00
<ENDHMM>
~h "l4_i"
<BEGINHMM>
<NUMSTATES> 5
<STATE> 2
<MEAN> 25
 -1.651109e-08 -2.268430e-07 1.259320e-08 1.165062e-07 -3.503200e-08 7.789977e-08 -6.306777e-08 1.437152e-07 -9.648429e-08 -8.998416e-08 1.010382e-07 -1.644749e-08 3.964178e-03 4.991033e-03 -2.259726e-03 -8.660138e-04 -1.980516e-03 2.296586e-03 -1.050157e-04 -6.062090e-03 -3.834328e-04 3.311979e-04 1.732379e-04 -2.677502e-03 -2.030911e-03
<VARIANCE> 25
 3.382748e+01 3.628031e+01 4.600648e+01 2.294502e+01 9.100511e+01 4.563913e+01 5.834692e+01 5.632589e+01 3.456791e+01 4.004803e+01 4.066158e+01 4.632240e+01 1.656153e+00 1.407841e+00 1.798202e+00 1.585461e+00 4.502382e+00 2.970210e+00 3.744460e+00 3.177201e+00 2.837936e+00 2.797859e+00 2.639533e+00 2.465156e+00 1.004578e+00
<GCONST> 1.021376e+02
<STATE> 3
<MEAN> 25
 -1.651109e-08 -2.268430e-07 1.259320e-08 1.165062e-07 -3.503200e-08 7.789977e-08 -6.306777e-08 1.437152e-07 -9.648429e-08 -8.998416e-08 1.010382e-07 -1.644749e-08 3.964178e-03 4.991033e-03 -2.259726e-03 -8.660138e-04 -1.980516e-03 2.296586e-03 -1.050157e-04 -6.062090e-03 -3.834328e-04 3.311979e-04 1.732379e-04 -2.677502e-03 -2.030911e-03
<VARIANCE> 25
 3.382748e+01 3.628031e+01 4.600648e+01 2.294502e+01 9.100511e+01 4.563913e+01 5.834692e+01 5.632589e+01 3.456791e+01 4.004803e+01 4.066158e+01 4.632240e+01 1.656153e+00 1.407841e+00 1.798202e+00 1.585461e+00 4.502382e+00 2.970210e+00 3.744460e+00 3.177201e+00 2.837936e+00 2.797859e+00 2.639533e+00 2.465156e+00 1.004578e+00
<GCONST> 1.021376e+02
<STATE> 4
<MEAN> 25
 -1.651109e-08 -2.268430e-07 1.259320e-08 1.165062e-07 -3.503200e-08 7.789977e-08 -6.306777e-08 1.437152e-07 -9.648429e-08 -8.998416e-08 1.010382e-07 -1.644749e-08 3.964178e-03 4.991033e-03 -2.259726e-03 -8.660138e-04 -1.980516e-03 2.296586e-03 -1.050157e-04 -6.062090e-03 -3.834328e-04 3.311979e-04 1.732379e-04 -2.677502e-03 -2.030911e-03
<VARIANCE> 25
 3.382748e+01 3.628031e+01 4.600648e+01 2.294502e+01 9.100511e+01 4.563913e+01 5.834692e+01 5.632589e+01 3.456791e+01 4.004803e+01 4.066158e+01 4.632240e+01 1.656153e+00 1.407841e+00 1.798202e+00 1.585461e+00 4.502382e+00 2.970210e+00 3.744460e+00 3.177201e+00 2.837936e+00 2.797859e+00 2.639533e+00 2.465156e+00 1.004578e+00
<GCONST> 1.021376e+02
<TRANSP> 5
 0.000000e+00 1.000000e+00 0.000000e+00 0.000000e+00 0.000000e+00
 0.000000e+00 6.000000e-01 4.000000e-01 0.000000e+00 0.000000e+00
 0.000000e+00 0.000000e+00 6.000000e-01 4.000000e-01 0.000000e+00
 0.000000e+00 0.000000e+00 0.000000e+00 7.000000e-01 3.000000e-01
 0.000000e+00 0.000000e+00 0.000000e+00 0.000000e+00 0.000000e+00
<ENDHMM>
~h "l4_u"
<BEGINHMM>
<NUMSTATES> 5
<STATE> 2
<MEAN> 25
 -4.014368e-01 -1.484314e+00 1.333183e-01 1.335979e+00 -5.150967e+00 -4.117440e+00 2.196840e+00 -5.022125e-01 -1.417249e-01 2.420722e+00 3.404684e+00 8.720945e+00 4.320448e-02 -9.984951e-02 -1.108449e-01 2.844431e-02 -3.125201e-02 -6.299897e-02 1.030662e-01 9.605026e-03 4.704383e-02 2.149520e-03 -4.427897e-02 1.720913e-02 1.179584e-01
<VARIANCE> 25
 1.870977e+01 3.277133e+01 3.797836e+01 1.716673e+01 8.517120e+01 2.571114e+01 5.495268e+01 4.782373e+01 4.691947e+01 7.715035e+01 9.128070e+01 8.127003e+01 1.128235e+00 1.636934e+00 1.999364e+00 1.636114e+00 3.223366e+00 2.072027e+00 4.087158e+00 3.636711e+00 3.390248e+00 4.408470e+00 3.741742e+00 4.323878e+00 1.140705e+00
<GCONST> 1.035333e+02
<STATE> 3
<MEAN> 25
 2.400525e-01 -6.598346e-01 -5.223260e-01 1.032404e+00 -4.977884e+00 -4.564928e+00 3.448455e+00 -1.031160e+00 -9.355866e-01 2.171217e+00 -6.558776e-01 3.295304e+00 -7.893447e-03 7.812174e-02 5.602143e-02 -5.198041e-02 -4.510783e-03 8.289054e-03 -8.067808e-02 -6.473389e-02 1.773913e-02 -4.737180e-02 -1.239396e-01 -1.578419e-01 -8.703993e-03
<VARIANCE> 25
 2.278591e+01 2.527356e+01 2.620208e+01 1.680398e+01 5.310468e+01 2.869284e+01 6.700953e+01 4.649489e+01 3.910772e+01 7.134205e+01 9.217760e+01 8.718443e+01 1.472234e+00 1.466242e+00 1.798391e+00 1.368376e+00 2.942766e+00 2.570589e+00 5.997722e+00 4.299881e+00 2.973766e+00 4.082996e+00 3.505909e+00 3.453361e+00 1.010945e+00
<GCONST> 1.026337e+02
<STATE> 4
<MEAN> 25
 1.300955e+00 7.589099e-01 -1.722012e+00 5.203221e-01 2.601699e+00 1.383732e+00 -2.336901e+00 -1.184943e+00 1.259210e+00 -1.040231e+00 -1.162201e+00 -3.112192e+00 -7.983861e-03 -2.095348e-03 -9.780363e-03 8.214030e-03 8.265222e-02 2.786587e-02 -2.341515e-03 2.283982e-02 6.463990e-03 1.921220e-02 2.689107e-02 -1.195231e-02 -3.647973e-02
<VARIANCE> 25
 3.488465e+01 2.731110e+01 5.136845e+01 2.489341e+01 1.170188e+02 5.543064e+01 4.363009e+01 4.340223e+01 3.392218e+01 4.376536e+01 3.610424e+01 4.214610e+01 1.859357e+00 1.565355e+00 2.469376e+00 1.568736e+00 5.797434e+00 3.999226e+00 4.042598e+00 3.323182e+00 3.305601e+00 3.565739e+00 2.916682e+00 2.682992e+00 1.203247e+00
<GCONST> 1.037874e+02
<TRANSP> 5
 0.000000e+00 1.000000e+00 0.000000e+00 0.000000e+00 0.000000e+00
 0.000000e+00 9.797004e-01 2.029959e-02 0.000000e+00 0.000000e+00
 0.000000e+00 0.000000e+00 9.755427e-01 2.445729e-02 0.000000e+00
 0.000000e+00 0.000000e+00 0.000000e+00 9.955830e-01 4.416972e-03
 0.000000e+00 0.000000e+00 0.000000e+00 0.000000e+00 0.000000e+00
<ENDHMM>
~h "l5_i"
<BEGINHMM>
<NUMSTATES> 5
<STATE> 2
<MEAN> 25
 2.625930e+00 -4.019600e+00 -4.012836e+00 -1.987176e+00 1.529157e+00 2.809512e+00 -2.721974e+00 2.670433e+00 8.959009e-02 1.834351e+00 -3.684763e-02 -5.490230e-01 7.881139e-02 -4.583530e-02 -1.792729e-02 7.961465e-03 4.003992e-03 1.008408e-01 2.304645e-02 -6.254660e-04 6.616561e-03 1.974653e-02 1.182628e-02 -4.974566e-03 -3.212310e-02
<VARIANCE> 25
 3.548621e+01 3.488153e+01 3.606887e+01 3.682056e+01 6.143420e+01 3.156461e+01 3.500117e+01 3.941585e+01 2.453991e+01 2.447899e+01 4.551490e+01 2.928658e+01 1.580862e+00 9.109325e-01 1.292698e+00 1.782680e+00 2.497097e+00 2.303735e+00 2.491726e+00 2.582110e+00 1.780079e+00 2.044776e+00 2.517936e+00 2.385704e+00 7.936807e-01
<GCONST> 9.631694e+01
<STATE> 3
<MEAN> 25
 2.831257e+00 -2.804782e+00 -2.930250e+00 -1.993252e-01 3.699993e+00 2.258197e+00 -1.824648e+00 3.264165e+00 7.213685e-01 1.627298e+00 2.743269e-01 -6.862001e-01 2.720857e-03 2.658796e-02 5.825612e-02 5.725463e-02 6.767561e-02 -6.026940e-02 4.764682e-02 -9.882310e-03 -5.184709e-02 -5.562687e-02 -7.493646e-02 3.122107e-02 -8.157244e-02
<VARIANCE> 25
 2.518595e+01 2.214746e+01 3.278238e+01 2.047719e+01 6.057834e+01 2.671338e+01 3.169728e+01 3.419139e+01 2.054319e+01 2.355081e+01 3.872408e+01 2.651641e+01 8.712897e-01 7.639814e-01 9.247079e-01 1.336163e+00 3.049590e+00 2.074088e+00 2.098964e+00 2.096566e+00 1.459136e+00 2.149117e+00 2.019604e+00 1.853785e+00 3.939977e-01
<GCONST> 9.093579e+01
<STATE> 4
<MEAN> 25
 4.992112e-01 1.124825e+00 2.791583e-01 3.587700e-01 -9.152097e-01 -7.564349e-01 2.133728e-01 -8.876038e-01 -2.403208e-01 -7.050666e-01 -6.126131e-01 -5.692727e-01 -5.057134e-03 4.915747e-03 1.298037e-03 -3.021416e-03 -4.027831e-03 4.237625e-03 -7.843646e-04 2.176836e-03 4.103348e-03 3.200109e-03 4.390748e-03 -9.300345e-04 1.513903e-03
<VARIANCE> 25
 4.132321e+01 3.607198e+01 5.265587e+01 2.488037e+01 9.154259e+01 3.941046e+01 5.216471e+01 4.838871e+01 3.066891e+01 3.996590e+01 4.223660e+01 3.795708e+01 2.124866e+00 1.717367e+00 2.021586e+00 1.792261e+00 5.139760e+00 2.962036e+00 3.517843e+00 2.887809e+00 2.553003e+00 2.844817e+00 2.687835e+00 2.456780e+00 1.299143e+00
<GCONST> 1.027024e+02
<TRANSP> 5
 0.000000e+00 1.000000e+00 0.000000e+00 0.000000e+00 0.000000e+00
 0.000000e+00 9.860740e-01 1.392600e-02 0.000000e+00 0.000000e+00
 0.000000e+00 0.000000e+00 9.723051e-01 2.769486e-02 0.000000e+00
 0.000000e+00 0.000000e+00 0.000000e+00 9.990387e-01 9.612885e-04
 0.000000e+00 0.000000e+00 0.000000e+00 0.000000e+00 0.000000e+00
<ENDHMM>
~h "l5_u"
<BEGINHMM>
<NUMSTATES> 5
<STATE> 2
<MEAN> 25
 -1.651109e-08 -2.268430e-07 1.259320e-08 1.165062e-07 -3.503200e-08 7.789977e-08 -6.306777e-08 1.437152e-07 -9.648429e-08 -8.998416e-08 1.010382e-07 -1.644749e-08 3.964178e-03 4.991033e-03 -2.259726e-03 -8.660138e-04 -1.980516e-03 2.296586e-03 -1.050157e-04 -6.062090e-03 -3.834328e-04 3.311979e-04 1.732379e-04 -2.677502e-03 -2.030911e-03
<VARIANCE> 25
 3.382748e+01 3.628031e+01 4.600648e+01 2.294502e+01 9.100511e+01 4.563913e+01 5.834692e+01 5.632589e+01 3.456791e+01 4.004803e+01 4.066158e+01 4.632240e+01 1.656153e+00 1.407841e+00 1.798202e+00 1.585461e+00 4.502382e+00 2.970210e+00 3.744460e+00 3.177201e+00 2.837936e+00 2.797859e+00 2.639533e+00 2.465156e+00 1.004578e+00
<GCONST> 1.021376e+02
<STATE> 3
<MEAN> 25
 -1.651109e-08 -2.268430e-07 1.259320e-08 1.165062e-07 -3.503200e-08 7.789977e-08 -6.306777e-08 1.437152e-07 -9.648429e-08 -8.998416e-08 1.010382e-07 -1.644749e-08 3.964178e-03 4.991033e-03 -2.259726e-03 -8.660138e-04 -1.980516e-03 2.296586e-03 -1.050157e-04 -6.062090e-03 -3.834328e-04 3.311979e-04 1.732379e-04 -2.677502e-03 -2.030911e-03
<VARIANCE> 25
 3.382748e+01 3.628031e+01 4.600648e+01 2.294502e+01 9.100511e+01 4.563913e+01 5.834692e+01 5.632589e+01 3.456791e+01 4.004803e+01 4.066158e+01 4.632240e+01 1.656153e+00 1.407841e+00 1.798202e+00 1.585461e+00 4.502382e+00 2.970210e+00 3.744460e+00 3.177201e+00 2.837936e+00 2.797859e+00 2.639533e+00 2.465156e+00 1.004578e+00
<GCONST> 1.021376e+02
<STATE> 4
<MEAN> 25
 -1.651109e-08 -2.268430e-07 1.259320e-08 1.165062e-07 -3.503200e-08 7.789977e-08 -6.306777e-08 1.437152e-07 -9.648429e-08 -8.998416e-08 1.010382e-07 -1.644749e-08 3.964178e-03 4.991033e-03 -2.259726e-03 -8.660138e-04 -1.980516e-03 2.296586e-03 -1.050157e-04 -6.062090e-03 -3.834328e-04 3.311979e-04 1.732379e-04 -2.677502e-03 -2.030911e-03
<VARIANCE> 25
 3.382748e+01 3.628031e+01 4.600648e+01 2.294502e+01 9.100511e+01 4.563913e+01 5.834692e+01 5.632589e+01 3.456791e+01 4.004803e+01 4.066158e+01 4.632240e+01 1.656153e+00 1.407841e+00 1.798202e+00 1.585461e+00 4.502382e+00 2.970210e+00 3.744460e+00 3.177201e+00 2.837936e+00 2.797859e+00 2.639533e+00 2.465156e+00 1.004578e+00
<GCONST> 1.021376e+02
<TRANSP> 5
 0.000000e+00 1.000000e+00 0.000000e+00 0.000000e+00 0.000000e+00
 0.000000e+00 6.000000e-01 4.000000e-01 0.000000e+00 0.000000e+00
 0.000000e+00 0.000000e+00 6.000000e-01 4.000000e-01 0.000000e+00
 0.000000e+00 0.000000e+00 0.000000e+00 7.000000e-01 3.000000e-01
 0.000000e+00 0.000000e+00 0.000000e+00 0.000000e+00 0.000000e+00
<ENDHMM>
~h "sil"
<BEGINHMM>
<NUMSTATES> 5
<STATE> 2
<MEAN> 25
 -3.323827e+00 -3.816190e+00 1.907450e+00 2.735150e-01 4.906360e+00 1.144872e+00 -1.543925e+00 6.528434e+00 6.106664e-01 -5.458702e-01 3.313507e+00 1.852771e+00 -3.045671e-02 -7.221518e-03 -6.122784e-03 9.957348e-03 -2.924979e-02 -1.239393e-02 3.021002e-02 -1.161747e-03 -2.640581e-02 1.418415e-02 1.681970e-02 3.968362e-02 -2.482645e-03
<VARIANCE> 25
 2.329214e+01 2.134324e+01 2.522627e+01 1.588298e+01 3.689424e+01 2.483857e+01 3.716024e+01 3.199873e+01 2.390680e+01 2.737659e+01 2.173821e+01 2.855628e+01 8.090256e-01 6.810687e-01 1.026120e+00 1.016860e+00 1.729290e+00 1.618754e+00 2.123697e+00 2.023109e+00 1.947105e+00 2.033228e+00 1.708435e+00 1.579354e+00 4.553842e-01
<GCONST> 8.848070e+01
<STATE> 3
<MEAN> 25
 -3.059676e+00 -3.585427e+00 7.397624e-01 4.333090e-01 -2.220876e-01 3.097283e-01 2.056151e+00 3.055749e+00 -1.291847e+00 -4.708724e-01 2.214803e+00 3.664243e+00 7.312959e-02 6.596645e-02 5.371695e-03 2.049995e-02 -2.217867e-01 -1.037861e-01 1.904367e-02 -2.156368e-01 -4.488910e-02 -4.717911e-02 -1.036973e-01 -3.858618e-02 1.836268e-01
<VARIANCE> 25
 2.297512e+01 2.502435e+01 2.662734e+01 1.704228e+01 7.617017e+01 2.718476e+01 7.598847e+01 3.465892e+01 2.852526e+01 4.151625e+01 2.923252e+01 4.490350e+01 1.271138e+00 1.246679e+00 1.401884e+00 1.245922e+00 3.230837e+00 2.405514e+00 4.384784e+00 3.050693e+00 2.696859e+00 2.981001e+00 2.345804e+00 2.180190e+00 1.452910e+00
<GCONST> 9.793932e+01
<STATE> 4
<MEAN> 25
 3.898211e-01 6.844999e-01 -1.482916e-01 -2.572860e-01 -4.879051e-01 1.688858e-01 -3.960553e-02 -9.798947e-01 5.139301e-02 3.351840e-01 -3.120174e-01 -4.238560e-01 1.182919e-02 7.830733e-03 -7.185582e-04 -2.182296e-03 1.809003e-03 2.124804e-03 -8.008178e-03 -9.947673e-03 2.769057e-03 4.005929e-03 4.685300e-03 -8.141634e-04 -1.268826e-02
<VARIANCE> 25
 3.292217e+01 3.743472e+01 5.113757e+01 2.426001e+01 9.735738e+01 5.067141e+01 6.106370e+01 5.678669e+01 3.707336e+01 4.099989e+01 4.019017e+01 4.531371e+01 1.749993e+00 1.440101e+00 1.956159e+00 1.678997e+00 4.977458e+00 3.211255e+00 3.919030e+00 3.413921e+00 3.066030e+00 2.886544e+00 2.752609e+00 2.607527e+00 1.011866e+00
<GCONST> 1.033177e+02
<TRANSP> 5
 0.000000e+00 1.000000e+00 0.000000e+00 0.000000e+00 0.000000e+00
 0.000000e+00 9.738564e-01 2.614365e-02 0.000000e+00 0.000000e+00
 0.000000e+00 0.000000e+00 9.178461e-01 8.215390e-02 0.000000e+00
 0.000000e+00 0.000000e+00 0.000000e+00 9.944149e-01 5.585098e-03
 0.000000e+00 0.000000e+00 0.000000e+00 0.000000e+00 0.000000e+00
<ENDHMM>
