~o
<STREAMINFO> 1 25
<VECSIZE> 25<NULLD><MFCC_D_N_Z_0><DIAGC>
~h "l1_i"
<BEGINHMM>
<NUMSTATES> 5
<STATE> 2
<MEAN> 25
 3.389059e+00 -2.588579e+00 -4.081669e+00 -2.683461e+00 7.238080e-01 4.039412e-01 -1.301242e+00 -2.051128e+00 -9.400356e-01 -2.088934e+00 -1.352159e+00 -1.732082e+00 2.566059e-01 -2.676518e-01 -2.859652e-01 -3.269647e-01 -5.512107e-02 -7.384012e-02 -4.775104e-02 -6.901538e-02 5.791914e-02 -5.277751e-02 -1.370563e-01 -4.977281e-02 3.470396e-01
<VARIANCE> 25
 4.320663e+01 5.373841e+01 6.451648e+01 7.290513e+01 6.240646e+01 7.437872e+01 7.189422e+01 6.648460e+01 5.156445e+01 5.137040e+01 4.481745e+01 3.907809e+01 3.686842e+00 4.006435e+00 4.365677e+00 5.458713e+00 4.946376e+00 6.047596e+00 5.858141e+00 5.741776e+00 4.802340e+00 4.283638e+00 3.945838e+00 3.512197e+00 4.084633e+00
<GCONST> 1.142558e+02
<STATE> 3
<MEAN> 25
 4.561837e+00 -1.626586e+00 -3.530102e+00 -4.317289e+00 -3.174720e+00 -1.025230e+00 -1.779190e+00 -1.704034e+00 -1.410632e-01 -1.794231e+00 -2.788798e+00 -1.205458e+00 -7.135001e-02 1.806532e-01 1.378714e-01 1.632782e-01 2.488590e-02 -1.433939e-02 -8.806295e-04 -5.161301e-03 1.323564e-02 6.194496e-02 3.431937e-02 -8.791919e-03 -1.331120e-01
<VARIANCE> 25
 2.547246e+01 4.126611e+01 7.963440e+01 6.578770e+01 6.457652e+01 7.864860e+01 5.730316e+01 8.631141e+01 6.237823e+01 5.713327e+01 4.703686e+01 3.962757e+01 1.116101e+00 2.417536e+00 2.926747e+00 3.404470e+00 3.964492e+00 3.581422e+00 3.426967e+00 4.334473e+00 3.735315e+00 3.585213e+00 3.387474e+00 2.650036e+00 1.214628e+00
<GCONST> 1.078434e+02
<STATE> 4
<MEAN> 25
 2.480914e-01 5.758526e-01 3.688290e-01 -7.590951e-02 -3.320042e-02 -7.491732e-02 -1.298874e-01 -4.020411e-01 2.320724e-01 1.032529e-01 -2.330229e-03 -1.156800e-01 -2.719849e-02 -1.217670e-02 2.908728e-03 1.128994e-02 1.512078e-02 1.541511e-02 1.062564e-02 2.119142e-02 1.203571e-02 -2.417546e-03 5.300997e-03 6.675661e-03 -1.088787e-02
<VARIANCE> 25
 6.933393e+01 4.568405e+01 6.521392e+01 4.461542e+01 6.004323e+01 5.772518e+01 5.307323e+01 5.737560e+01 4.598343e+01 3.788717e+01 3.630198e+01 2.997079e+01 3.946088e+00 2.691946e+00 3.175174e+00 2.924854e+00 3.918346e+00 4.095915e+00 3.773916e+00 4.135066e+00 3.312915e+00 2.910293e+00 2.847261e+00 2.472075e+00 2.845981e+00
<GCONST> 1.079887e+02
<TRANSP> 5
 0.000000e+00 1.000000e+00 0.000000e+00 0.000000e+00 0.000000e+00
 0.000000e+00 9.550182e-01 4.498181e-02 0.000000e+00 0.000000e+00
 0.000000e+00 0.000000e+00 9.704757e-01 2.952430e-02 0.000000e+00
 0.000000e+00 0.000000e+00 0.000000e+00 9.943284e-01 5.671531e-03
 0.000000e+00 0.000000e+00 0.000000e+00 0.000000e+00 0.000000e+00
<ENDHMM>
~h "l1_u"
<BEGINHMM>
<NUMSTATES> 5
<STATE> 2
<MEAN> 25
 7.488461e-01 1.690523e+00 2.476245e+00 -2.671163e-01 -3.423265e+00 -2.773313e+00 -4.758762e-01 -6.787584e-01 -1.922672e+00 -2.173613e+00 4.281385e-01 3.664801e-01 5.095025e-01 1.053795e-01 -3.431842e-01 -2.604907e-01 1.158518e-02 -3.195486e-01 -2.475409e-01 -1.211434e-01 -3.253506e-01 -1.509543e-01 -7.382445e-02 -5.426657e-02 3.693479e-01
<VARIANCE> 25
 7.643349e+01 4.543103e+01 5.667223e+01 4.267038e+01 6.469582e+01 5.349208e+01 4.252295e+01 6.059348e+01 4.044995e+01 3.990681e+01 3.892483e+01 4.672712e+01 5.542730e+00 4.188316e+00 5.237262e+00 4.271189e+00 4.987944e+00 5.033946e+00 4.834224e+00 5.173995e+00 5.032253e+00 4.485311e+00 4.327926e+00 3.889199e+00 2.748095e+00
<GCONST> 1.124323e+02
<STATE> 3
<MEAN> 25
 2.923803e+00 -5.924260e-02 -2.660933e+00 -5.284000e-01 -5.243903e-02 -3.799239e+00 -1.142860e+00 -1.142904e+00 -2.233807e+00 -2.143404e+00 -2.999379e+00 -1.219916e+00 -1.506127e-01 -3.046846e-03 9.494296e-02 1.992023e-02 5.364787e-02 1.080026e-01 2.901291e-03 3.113772e-02 3.598703e-02 8.084328e-02 -3.392146e-02 4.771127e-03 -1.167357e-02
<VARIANCE> 25
 4.870970e+01 4.829819e+01 5.787442e+01 5.056474e+01 6.947372e+01 7.853881e+01 7.766155e+01 6.817919e+01 5.607377e+01 5.320798e+01 5.797132e+01 4.964439e+01 3.213835e+00 3.634968e+00 3.522124e+00 3.041008e+00 4.390155e+00 6.106797e+00 5.266467e+00 5.704080e+00 4.332631e+00 4.002406e+00 4.588382e+00 4.252030e+00 3.135848e+00
<GCONST> 1.133240e+02
<STATE> 4
<MEAN> 25
 1.144003e+00 8.070471e-01 -1.841362e-02 -1.142557e+00 -1.798476e+00 -7.637112e-01 -6.642093e-01 -9.127029e-01 1.799922e-01 6.574242e-01 -5.234566e-01 -3.463434e-01 -2.042581e-02 1.162105e-02 3.765284e-03 2.883661e-02 -5.033341e-03 1.579422e-02 2.107579e-02 1.058015e-02 1.734733e-02 1.947592e-02 -8.561489e-04 9.708433e-03 -3.441177e-02
<VARIANCE> 25
 6.408403e+01 4.352370e+01 6.623589e+01 6.315382e+01 6.363575e+01 6.304288e+01 5.344834e+01 4.938650e+01 4.658165e+01 3.762296e+01 3.580379e+01 4.046763e+01 2.996850e+00 2.380587e+00 2.815054e+00 2.831976e+00 3.697724e+00 4.003716e+00 3.248364e+00 3.387492e+00 2.841406e+00 2.661879e+00 2.596112e+00 2.656246e+00 1.137292e+00
<GCONST> 1.063589e+02
<TRANSP> 5
 0.000000e+00 1.000000e+00 0.000000e+00 0.000000e+00 0.000000e+00
 0.000000e+00 9.243067e-01 7.569329e-02 0.000000e+00 0.000000e+00
 0.000000e+00 0.000000e+00 9.600797e-01 3.992037e-02 0.000000e+00
 0.000000e+00 0.000000e+00 0.000000e+00 9.920894e-01 7.910588e-03
 0.000000e+00 0.000000e+00 0.000000e+00 0.000000e+00 0.000000e+00
<ENDHMM>
~h "l2_i"
<BEGINHMM>
<NUMSTATES> 5
<STATE> 2
<MEAN> 25
 -7.482774e-01 -2.631072e-01 -8.784778e-01 -1.141637e+00 3.087988e-03 4.399147e-01 2.992634e-01 -1.658713e+00 -1.301024e+00 -1.608468e+00 -1.287116e-01 -8.894405e-01 4.202167e-01 -1.830649e-01 -2.686124e-01 -2.963335e-01 -1.493705e-01 -1.649356e-01 -2.698458e-01 -1.387738e-01 -9.023339e-03 -2.266328e-01 -3.869707e-02 -3.996141e-02 5.636744e-01
<VARIANCE> 25
 9.026528e+01 4.897334e+01 7.206868e+01 5.009050e+01 5.624423e+01 6.856284e+01 6.136564e+01 4.632891e+01 4.263075e+01 4.025578e+01 4.630970e+01 3.601598e+01 7.152626e+00 4.465894e+00 5.617244e+00 4.921268e+00 5.109192e+00 6.569707e+00 5.117452e+00 4.608736e+00 4.936368e+00 4.329509e+00 4.122702e+00 3.759788e+00 5.673412e+00
<GCONST> 1.146059e+02
<STATE> 3
<MEAN> 25
 5.032657e+00 -2.155251e+00 -2.622044e+00 -1.876372e+00 -2.815461e+00 -2.514032e+00 -2.853155e+00 -1.802671e+00 -8.039016e-01 -2.253438e+00 -8.053211e-01 -1.740180e+00 -7.691832e-02 2.554566e-02 1.320015e-01 9.242377e-02 1.418611e-02 -5.010146e-02 4.658712e-02 2.045638e-02 2.815377e-02 7.663783e-02 8.845024e-04 4.974626e-03 -5.571098e-02
<VARIANCE> 25
 2.269525e+01 4.300026e+01 7.563569e+01 5.148727e+01 8.208794e+01 8.181805e+01 5.378876e+01 8.925648e+01 6.994447e+01 5.232940e+01 5.853544e+01 4.383520e+01 1.479529e+00 2.528187e+00 3.670869e+00 3.270931e+00 4.709086e+00 4.936344e+00 4.148030e+00 5.495461e+00 4.732800e+00 3.873184e+00 3.749098e+00 3.073955e+00 1.783508e+00
<GCONST> 1.104508e+02
<STATE> 4
<MEAN> 25
 4.756287e-01 3.693739e-01 5.479711e-01 -6.310878e-01 7.801282e-02 -3.343890e-01 -5.895067e-01 -9.417297e-01 2.739592e-01 7.154257e-02 7.278373e-02 -1.114955e-01 -3.163468e-02 1.124449e-02 -1.661323e-02 1.767481e-03 2.087334e-02 1.294997e-02 1.905356e-02 1.690545e-02 6.361033e-03 9.469845e-03 -4.505312e-03 1.188143e-02 -2.285447e-02
<VARIANCE> 25
 7.628706e+01 4.486478e+01 6.747475e+01 5.722915e+01 6.398648e+01 6.396699e+01 5.202389e+01 5.346382e+01 4.375703e+01 3.647274e+01 3.446359e+01 3.271462e+01 3.931033e+00 2.601291e+00 3.019129e+00 3.147193e+00 3.780072e+00 3.885173e+00 3.567065e+00 3.520696e+00 3.189667e+00 2.649739e+00 2.626312e+00 2.450316e+00 2.275984e+00
<GCONST> 1.076069e+02
<TRANSP> 5
 0.000000e+00 1.000000e+00 0.000000e+00 0.000000e+00 0.000000e+00
 0.000000e+00 9.418487e-01 5.815127e-02 0.000000e+00 0.000000e+00
 0.000000e+00 0.000000e+00 9.741392e-01 2.586084e-02 0.000000e+00
 0.000000e+00 0.000000e+00 0.000000e+00 9.944375e-01 5.562494e-03
 0.000000e+00 0.000000e+00 0.000000e+00 0.000000e+00 0.000000e+00
<ENDHMM>
~h "l2_u"
<BEGINHMM>
<NUMSTATES> 5
<STATE> 2
<MEAN> 25
 2.575763e+00 -3.732805e+00 -5.744404e+00 -2.500302e+00 1.024761e+00 -1.055646e+00 -3.129447e+00 -2.269580e+00 -7.120352e-01 -1.631434e+00 -2.387898e+00 -2.532613e+00 6.419191e-01 -4.255384e-01 -3.856852e-01 -4.224032e-01 -2.838988e-01 -2.618082e-01 -9.129173e-02 -6.695263e-02 -1.333850e-01 -1.364032e-01 -2.751614e-01 -2.325338e-01 4.061635e-01
<VARIANCE> 25
 3.799375e+01 6.562276e+01 6.230239e+01 4.908873e+01 7.506703e+01 5.332359e+01 5.863553e+01 5.036429e+01 5.851729e+01 7.685425e+01 5.572451e+01 3.308442e+01 3.988263e+00 3.648496e+00 4.140681e+00 4.099600e+00 5.756521e+00 4.598591e+00 4.765560e+00 5.819011e+00 5.022805e+00 5.733856e+00 4.962592e+00 3.135065e+00 2.647493e+00
<GCONST> 1.131966e+02
<STATE> 3
<MEAN> 25
 3.594199e+00 -1.799722e+00 -1.422806e+00 -3.444437e+00 -4.156134e+00 -1.849568e+00 -2.157895e+00 -3.231170e+00 -2.326785e+00 -1.391658e+00 -2.539251e+00 -3.066099e+00 -1.310356e-02 9.742769e-02 1.099928e-01 7.061160e-02 -1.170324e-02 2.854263e-03 5.301193e-03 -1.797387e-02 4.624372e-02 6.786007e-02 4.553184e-02 3.276306e-02 -1.341336e-01
<VARIANCE> 25
 1.930858e+01 3.870586e+01 5.819858e+01 4.443764e+01 6.562772e+01 6.501907e+01 4.972114e+01 6.557713e+01 5.684500e+01 6.444533e+01 4.940818e+01 3.390043e+01 9.035168e-01 2.041837e+00 2.428880e+00 2.672675e+00 3.410361e+00 3.938727e+00 3.270274e+00 4.623462e+00 3.597652e+00 3.703321e+00 3.360744e+00 2.510711e+00 1.124551e+00
<GCONST> 1.051357e+02
<STATE> 4
<MEAN> 25
 7.931558e-01 7.249120e-01 -6.025471e-02 -6.753594e-01 -4.032016e-01 -3.898124e-01 -9.298029e-02 -1.054297e-01 1.173978e-01 9.557533e-02 4.313907e-02 -9.928011e-02 -2.462700e-02 8.297162e-03 1.698133e-03 9.020070e-03 2.804453e-02 2.269652e-02 1.146906e-02 1.698456e-02 1.642616e-03 -6.287634e-03 5.816707e-03 1.155589e-02 -1.224001e-02
<VARIANCE> 25
 6.439075e+01 4.818315e+01 7.470903e+01 6.110292e+01 5.757125e+01 6.292432e+01 6.055830e+01 4.520947e+01 4.550426e+01 3.640049e+01 3.511900e+01 2.716238e+01 3.682823e+00 2.935489e+00 3.394075e+00 3.437121e+00 3.566929e+00 4.218612e+00 3.748759e+00 3.443086e+00 3.341931e+00 2.952526e+00 2.672764e+00 2.282679e+00 1.776869e+00
<GCONST> 1.075746e+02
<TRANSP> 5
 0.000000e+00 1.000000e+00 0.000000e+00 0.000000e+00 0.000000e+00
 0.000000e+00 9.152566e-01 8.474341e-02 0.000000e+00 0.000000e+00
 0.000000e+00 0.000000e+00 9.721222e-01 2.787785e-02 0.000000e+00
 0.000000e+00 0.000000e+00 0.000000e+00 9.946127e-01 5.387313e-03
 0.000000e+00 0.000000e+00 0.000000e+00 0.000000e+00 0.000000e+00
<ENDHMM>
~h "l3_i"
<BEGINHMM>
<NUMSTATES> 5
<STATE> 2
<MEAN> 25
 -8.429568e-01 -1.275889e+00 -4.016609e-01 -3.957666e-01 8.421961e-01 -1.848465e+00 -2.594231e+00 -2.751131e+00 -1.180722e+00 -1.298479e+00 -8.622168e-01 -1.405620e+00 3.861128e-01 -1.993283e-01 -2.535180e-01 -3.008837e-01 -1.529594e-01 -1.397939e-01 -2.070089e-01 -6.033270e-02 4.828794e-02 -9.147827e-02 -1.395577e-01 -1.063636e-01 3.303469e-01
<VARIANCE> 25
 8.548572e+01 4.357864e+01 6.487926e+01 4.555515e+01 5.757566e+01 5.544026e+01 6.966193e+01 4.352041e+01 5.319944e+01 3.461599e+01 4.373008e+01 4.054836e+01 6.715598e+00 3.667680e+00 4.864086e+00 4.302237e+00 4.884384e+00 5.926083e+00 5.302723e+00 4.207092e+00 3.992882e+00 2.983799e+00 3.388969e+00 3.722200e+00 3.831604e+00
<GCONST> 1.123167e+02
<STATE> 3
<MEAN> 25
 3.691925e+00 -9.797657e-01 -4.292290e+00 -4.109464e+00 2.904976e-01 2.573151e-01 -1.831952e+00 -1.215749e+00 -4.446308e-01 -8.402178e-01 -4.293770e-01 -2.302458e+00 -3.235454e-02 1.096923e-02 7.108782e-02 4.034493e-02 -1.580603e-02 1.787586e-03 6.689324e-02 9.924243e-02 6.000608e-03 -7.455836e-03 -1.569030e-02 1.328300e-02 -2.787311e-02
<VARIANCE> 25
 4.440685e+01 5.051374e+01 5.549473e+01 6.751172e+01 6.477540e+01 8.130499e+01 5.726411e+01 6.540970e+01 5.081947e+01 4.783361e+01 4.417651e+01 3.455176e+01 3.077233e+00 3.362459e+00 3.664114e+00 4.921572e+00 4.789901e+00 5.682984e+00 4.475279e+00 4.780233e+00 3.985589e+00 3.650693e+00 3.441365e+00 2.919377e+00 2.642641e+00
<GCONST> 1.113679e+02
<STATE> 4
<MEAN> 25
 1.293311e+00 2.171645e-01 8.389886e-01 -2.093381e-01 -1.562625e+00 -1.547818e+00 -2.414883e-02 2.358332e-01 1.623913e-01 -2.348998e-02 -1.103112e+00 -1.387044e-01 -4.821726e-02 1.661556e-02 2.015682e-02 3.395922e-02 3.427025e-02 3.216621e-02 2.063628e-02 -1.003309e-02 5.428974e-03 1.345578e-02 5.122036e-03 1.252190e-02 -4.600691e-02
<VARIANCE> 25
 3.771464e+01 3.810294e+01 5.606065e+01 3.626854e+01 6.340570e+01 4.476726e+01 5.270317e+01 5.071099e+01 4.149197e+01 4.348215e+01 3.534889e+01 3.351756e+01 2.082587e+00 1.821318e+00 2.287206e+00 2.271208e+00 3.242329e+00 3.055772e+00 3.190880e+00 3.237996e+00 2.818879e+00 2.673026e+00 2.402844e+00 2.097901e+00 1.131555e+00
<GCONST> 1.026218e+02
<TRANSP> 5
 0.000000e+00 1.000000e+00 0.000000e+00 0.000000e+00 0.000000e+00
 0.000000e+00 9.456107e-01 5.438923e-02 0.000000e+00 0.000000e+00
 0.000000e+00 0.000000e+00 9.778097e-01 2.219034e-02 0.000000e+00
 0.000000e+00 0.000000e+00 0.000000e+00 9.898040e-01 1.019599e-02
 0.000000e+00 0.000000e+00 0.000000e+00 0.000000e+00 0.000000e+00
<ENDHMM>
~h "l3_u"
<BEGINHMM>
<NUMSTATES> 5
<STATE> 2
<MEAN> 25
 -2.125335e+00 5.129749e-01 1.126869e+00 9.967481e-01 -1.146869e+00 -1.496389e+00 1.320764e-01 -3.122516e+00 -1.204679e+00 8.061441e-01 8.365408e-01 7.906362e-01 8.067311e-01 -1.899794e-01 -1.598510e-01 -3.323632e-01 -6.145605e-01 -2.425417e-01 -8.137821e-02 -2.427815e-01 -1.610887e-01 -8.437040e-02 -2.660845e-01 -1.597898e-01 5.202569e-01
<VARIANCE> 25
 6.610534e+01 6.088036e+01 6.202611e+01 4.541065e+01 5.992837e+01 4.905112e+01 4.892361e+01 4.264788e+01 6.077362e+01 3.955278e+01 3.607391e+01 6.176886e+01 5.605712e+00 4.108944e+00 4.361759e+00 4.837038e+00 6.785485e+00 4.469552e+00 5.471542e+00 5.137563e+00 6.223002e+00 3.711221e+00 3.481994e+00 4.327323e+00 4.219978e+00
<GCONST> 1.135397e+02
<STATE> 3
<MEAN> 25
 4.807624e+00 -1.886840e-01 -1.153350e+00 -3.031005e+00 -3.230165e+00 -4.434582e-01 -2.188460e+00 -3.795140e+00 -3.921563e+00 -1.643119e+00 -6.127927e-01 -1.466043e+00 -6.760849e-03 -3.757135e-02 -3.835639e-02 7.284960e-02 8.507203e-02 -1.602635e-02 -5.872874e-02 5.735756e-02 4.784551e-02 -4.362543e-02 2.130695e-02 -8.250388e-03 -6.352688e-02
<VARIANCE> 25
 2.440622e+01 4.366846e+01 7.931502e+01 6.932563e+01 6.655836e+01 6.755141e+01 6.260325e+01 6.207449e+01 7.375418e+01 6.700477e+01 4.275445e+01 5.543228e+01 1.410030e+00 2.783583e+00 3.473068e+00 4.393103e+00 4.376434e+00 4.822445e+00 4.723305e+00 5.656831e+00 4.892674e+00 4.427447e+00 3.643865e+00 3.431937e+00 2.184619e+00
<GCONST> 1.112934e+02
<STATE> 4
<MEAN> 25
 8.146981e-01 -1.820532e-01 -1.194708e-01 -7.436752e-01 -5.363300e-01 -5.468254e-01 -7.231253e-01 1.438111e-01 5.220253e-01 -6.599991e-02 -1.761235e-01 -8.020101e-01 -4.029522e-02 1.076338e-02 1.746955e-03 6.680164e-03 2.131489e-02 1.990905e-02 2.540800e-02 2.267145e-02 1.619933e-02 1.428450e-02 3.077666e-03 9.995077e-03 -2.452693e-02
<VARIANCE> 25
 6.037997e+01 5.269896e+01 7.050069e+01 5.612731e+01 6.654294e+01 6.022643e+01 5.256449e+01 5.280215e+01 4.210968e+01 4.226399e+01 3.903897e+01 2.676076e+01 3.361103e+00 2.843241e+00 3.143552e+00 3.518932e+00 3.825247e+00 3.874530e+00 3.358786e+00 3.725772e+00 3.197832e+00 3.061715e+00 2.754766e+00 2.154224e+00 2.053432e+00
<GCONST> 1.076210e+02
<TRANSP> 5
 0.000000e+00 1.000000e+00 0.000000e+00 0.000000e+00 0.000000e+00
 0.000000e+00 9.127263e-01 8.727375e-02 0.000000e+00 0.000000e+00
 0.000000e+00 0.000000e+00 9.672089e-01 3.279113e-02 0.000000e+00
 0.000000e+00 0.000000e+00 0.000000e+00 9.920005e-01 7.999476e-03
 0.000000e+00 0.000000e+00 0.000000e+00 0.000000e+00 0.000000e+00
<ENDHMM>
~h "l4_i"
<BEGINHMM>
<NUMSTATES> 5
<STATE> 2
<MEAN> 25
 4.520820e+00 -9.531162e-01 -3.126645e+00 -2.966174e+00 -6.232226e-01 9.798144e-01 -1.076223e+00 -1.864333e+00 -1.453124e+00 -3.478951e+00 -2.659889e+00 -1.651900e+00 4.756829e-01 -4.728759e-01 -5.254304e-01 -4.519393e-01 6.739000e-02 -7.119550e-03 -3.100426e-01 -7.974277e-02 2.511621e-01 -6.091883e-02 -2.303094e-01 -6.160806e-02 4.541970e-01
<VARIANCE> 25
 2.087969e+01 7.643919e+01 5.732504e+01 5.152361e+01 6.484570e+01 5.611842e+01 5.591827e+01 7.417416e+01 6.317302e+01 4.850977e+01 3.966698e+01 3.050003e+01 2.395556e+00 4.575857e+00 3.714843e+00 4.825169e+00 4.784144e+00 4.329621e+00 5.372349e+00 6.945936e+00 4.619297e+00 4.497450e+00 4.091027e+00 3.437959e+00 2.470030e+00
<GCONST> 1.114811e+02
<STATE> 3
<MEAN> 25
 5.364575e+00 -2.770585e+00 -3.046289e+00 -2.487757e+00 -1.187136e+00 -1.726830e+00 -2.318606e+00 7.819582e-01 2.121224e-01 -3.576852e+00 -3.658665e+00 -2.146274e+00 -6.718025e-02 1.309757e-01 1.546018e-01 1.263748e-01 -9.606911e-02 -1.115742e-01 1.809925e-02 6.541704e-02 -1.941311e-02 6.968309e-02 4.766891e-02 -1.193460e-03 -1.384214e-01
<VARIANCE> 25
 1.521069e+01 4.761935e+01 5.662120e+01 5.102511e+01 9.295544e+01 5.846865e+01 6.297678e+01 8.499139e+01 5.758372e+01 5.444191e+01 5.820173e+01 3.626448e+01 8.122225e-01 2.769357e+00 2.745704e+00 2.531716e+00 4.195642e+00 3.158922e+00 4.082471e+00 4.883224e+00 3.944220e+00 3.567826e+00 3.206964e+00 2.901613e+00 1.275307e+00
<GCONST> 1.068363e+02
<STATE> 4
<MEAN> 25
 1.522304e-01 9.424587e-01 2.506779e-01 -5.450954e-01 -3.759149e-02 -4.735118e-01 -5.232176e-01 -1.677597e-01 -8.152743e-02 5.423662e-01 4.000489e-01 -1.413857e-01 -3.577714e-02 2.215202e-03 1.715077e-03 9.780349e-03 2.851561e-02 2.489073e-02 1.680537e-02 6.636885e-03 3.432458e-03 8.866046e-03 9.798931e-03 1.158953e-02 -1.259343e-02
<VARIANCE> 25
 7.468530e+01 4.355482e+01 6.518143e+01 5.343396e+01 6.238748e+01 6.319996e+01 4.997277e+01 4.837389e+01 4.671170e+01 3.564067e+01 3.431367e+01 2.918018e+01 4.046494e+00 2.554056e+00 2.951427e+00 2.835614e+00 3.959106e+00 3.851355e+00 3.245968e+00 3.435738e+00 3.205988e+00 2.679056e+00 2.605013e+00 2.344032e+00 2.031940e+00
<GCONST> 1.068514e+02
<TRANSP> 5
 0.000000e+00 1.000000e+00 0.000000e+00 0.000000e+00 0.000000e+00
 0.000000e+00 9.088812e-01 9.111887e-02 0.000000e+00 0.000000e+00
 0.000000e+00 0.000000e+00 9.706808e-01 2.931926e-02 0.000000e+00
 0.000000e+00 0.000000e+00 0.000000e+00 9.947914e-01 5.208530e-03
 0.000000e+00 0.000000e+00 0.000000e+00 0.000000e+00 0.000000e+00
<ENDHMM>
~h "l4_u"
<BEGINHMM>
<NUMSTATES> 5
<STATE> 2
<MEAN> 25
 6.179717e-01 2.020549e-01 1.283513e-01 2.108693e-01 -1.073055e+00 -1.599551e+00 -1.510271e+00 -6.443205e-01 -1.592396e+00 -1.528072e-01 3.774798e-01 -7.006593e-01 1.082907e-01 -2.375990e-02 -4.142855e-02 -1.040548e-01 -7.414500e-02 -4.469733e-02 -6.992546e-02 -3.614170e-02 -1.651225e-02 -1.493197e-02 -3.096798e-02 -2.942534e-02 1.329946e-01
<VARIANCE> 25
 5.097295e+01 3.999413e+01 6.414210e+01 5.295923e+01 5.759446e+01 6.258881e+01 6.142649e+01 6.877966e+01 4.665829e+01 3.938321e+01 4.082964e+01 3.118792e+01 3.899503e+00 3.103952e+00 3.667116e+00 4.181510e+00 4.412320e+00 5.820860e+00 5.096321e+00 5.565224e+00 4.179853e+00 3.540814e+00 3.678490e+00 3.058033e+00 5.364370e+00
<GCONST> 1.115112e+02
<STATE> 3
<MEAN> 25
 4.593261e+00 -5.419677e-01 -3.381265e+00 -5.899553e+00 -2.060828e+00 8.864890e-01 -2.209049e+00 -1.953066e+00 -1.882821e+00 -2.640792e-01 -6.953591e-01 -1.919500e+00 -4.669103e-02 -5.464936e-02 5.516341e-02 6.829127e-02 -1.437540e-02 1.011287e-02 8.645782e-02 3.188461e-02 3.222479e-02 8.803245e-04 1.538071e-02 -2.219853e-02 -1.949843e-02
<VARIANCE> 25
 4.141028e+01 4.122117e+01 5.771798e+01 8.896812e+01 7.271999e+01 9.698414e+01 6.136058e+01 6.557713e+01 6.411717e+01 5.931392e+01 4.699032e+01 4.091645e+01 2.325434e+00 2.753307e+00 3.030027e+00 5.277170e+00 3.961945e+00 5.110629e+00 4.421572e+00 4.674084e+00 4.122593e+00 4.192002e+00 3.638313e+00 3.216652e+00 1.788369e+00
<GCONST> 1.114555e+02
<STATE> 4
<MEAN> 25
 5.772052e-01 1.885079e-01 6.816444e-01 3.923409e-01 -4.606177e-01 -3.718145e-01 -1.593080e-01 -1.283741e-02 9.941261e-02 -1.142464e-01 -3.795802e-01 -2.815032e-01 -3.536114e-02 1.388492e-02 -7.825412e-04 2.122258e-02 2.929201e-02 1.408236e-02 4.278779e-03 9.956020e-03 5.330862e-03 -1.089303e-03 -3.003371e-03 9.079661e-03 -2.505269e-02
<VARIANCE> 25
 6.154049e+01 4.969079e+01 6.911568e+01 4.967236e+01 6.876967e+01 5.876820e+01 4.887019e+01 5.101080e+01 4.064529e+01 4.390929e+01 3.711185e+01 3.084302e+01 3.550043e+00 2.757191e+00 3.240611e+00 3.159157e+00 3.935083e+00 3.940908e+00 3.374424e+00 3.875718e+00 3.174134e+00 3.055803e+00 2.787343e+00 2.150859e+00 2.401504e+00
<GCONST> 1.076278e+02
<TRANSP> 5
 0.000000e+00 1.000000e+00 0.000000e+00 0.000000e+00 0.000000e+00
 0.000000e+00 9.792159e-01 2.078413e-02 0.000000e+00 0.000000e+00
 0.000000e+00 0.000000e+00 9.698254e-01 3.017461e-02 0.000000e+00
 0.000000e+00 0.000000e+00 0.000000e+00 9.930772e-01 6.922776e-03
 0.000000e+00 0.000000e+00 0.000000e+00 0.000000e+00 0.000000e+00
<ENDHMM>
~h "l5_i"
<BEGINHMM>
<NUMSTATES> 5
<STATE> 2
<MEAN> 25
 4.243969e+00 -1.188750e+00 -2.339665e+00 -3.038864e+00 -1.429644e+00 -7.883766e-01 -1.892005e+00 -1.554249e+00 -1.465516e+00 -7.695082e-01 -5.731070e-01 -1.451269e+00 1.837442e-01 -1.791033e-01 -1.893489e-01 -2.738717e-01 -2.534158e-02 5.929202e-02 7.166586e-03 -3.656923e-02 3.530229e-02 -5.835174e-02 -5.546730e-02 -3.808789e-02 1.522323e-01
<VARIANCE> 25
 3.086444e+01 5.531013e+01 6.454453e+01 6.591789e+01 5.551979e+01 8.266669e+01 6.373238e+01 6.211501e+01 6.291579e+01 4.828090e+01 5.723137e+01 3.559195e+01 2.526201e+00 3.833464e+00 3.793246e+00 5.023222e+00 4.125690e+00 5.580409e+00 4.694832e+00 4.946854e+00 4.872709e+00 4.764314e+00 4.112712e+00 3.446094e+00 2.889759e+00
<GCONST> 1.124554e+02
<STATE> 3
<MEAN> 25
 5.623446e+00 -1.338487e+00 -4.751113e+00 -6.049006e+00 -1.092276e+00 7.663152e-01 -1.969061e-01 -2.665571e+00 1.044249e+00 -4.161683e-01 -2.585210e+00 -2.087399e+00 -1.128973e-01 8.950793e-02 1.467779e-01 1.906658e-01 2.745965e-02 -8.770583e-02 2.719700e-02 7.332781e-02 3.766485e-02 7.023366e-02 5.104170e-02 3.999744e-02 -1.586889e-01
<VARIANCE> 25
 1.955781e+01 4.352237e+01 5.061814e+01 7.623363e+01 7.196598e+01 7.785684e+01 7.306097e+01 5.407137e+01 4.498943e+01 4.477869e+01 5.086739e+01 3.419360e+01 1.083618e+00 2.291777e+00 2.270472e+00 3.644449e+00 3.413696e+00 4.033498e+00 3.581401e+00 3.516745e+00 3.113568e+00 3.074785e+00 3.080885e+00 2.610202e+00 1.374191e+00
<GCONST> 1.057738e+02
<STATE> 4
<MEAN> 25
 7.783267e-01 5.204676e-01 3.904581e-01 1.013117e-01 -7.508981e-01 -7.152506e-01 -3.815073e-01 -4.775017e-01 1.837235e-01 -5.116660e-01 -3.388554e-01 -4.162689e-01 -4.074384e-02 1.073141e-02 1.510439e-02 2.759761e-02 1.367223e-02 2.322799e-02 1.428836e-02 1.908265e-02 -6.695108e-03 -3.676496e-03 1.400430e-03 1.593387e-02 -2.937469e-02
<VARIANCE> 25
 4.541245e+01 4.121255e+01 5.417123e+01 3.532414e+01 7.249087e+01 4.635402e+01 4.421629e+01 5.739320e+01 4.889921e+01 4.321525e+01 3.208735e+01 3.133972e+01 2.619558e+00 2.026297e+00 2.348886e+00 2.111618e+00 3.811372e+00 3.162076e+00 3.065383e+00 3.358604e+00 2.942064e+00 2.772643e+00 2.212559e+00 2.271739e+00 1.259759e+00
<GCONST> 1.036023e+02
<TRANSP> 5
 0.000000e+00 1.000000e+00 0.000000e+00 0.000000e+00 0.000000e+00
 0.000000e+00 9.609269e-01 3.907306e-02 0.000000e+00 0.000000e+00
 0.000000e+00 0.000000e+00 9.637871e-01 3.621293e-02 0.000000e+00
 0.000000e+00 0.000000e+00 0.000000e+00 9.913973e-01 8.602714e-03
 0.000000e+00 0.000000e+00 0.000000e+00 0.000000e+00 0.000000e+00
<ENDHMM>
~h "l5_u"
<BEGINHMM>
<NUMSTATES> 5
<STATE> 2
<MEAN> 25
 8.294251e-01 2.229468e-01 -2.784480e+00 -2.436605e+00 1.092187e+00 -2.488213e-01 2.792926e-01 -2.955381e-01 -9.559081e-01 -1.320255e-01 -1.012492e+00 -1.049134e+00 1.283408e-01 -2.081793e-01 -1.337637e-01 -2.800492e-01 -6.759285e-02 -1.138865e-01 -6.183822e-02 -3.567052e-02 -9.108766e-03 -2.375004e-02 -6.502625e-02 -1.441847e-01 3.131036e-01
<VARIANCE> 25
 7.386431e+01 5.038294e+01 5.332515e+01 6.892285e+01 5.111993e+01 5.916821e+01 7.041792e+01 5.830848e+01 4.218708e+01 2.995770e+01 2.875536e+01 2.793493e+01 5.223870e+00 3.799599e+00 3.774177e+00 4.523933e+00 4.689320e+00 5.973095e+00 6.165647e+00 5.743203e+00 3.712103e+00 3.380527e+00 2.938572e+00 2.946991e+00 4.257879e+00
<GCONST> 1.114059e+02
<STATE> 3
<MEAN> 25
 1.818654e+00 -1.801994e+00 -7.985187e-01 -2.422373e+00 -1.903297e+00 -2.086317e+00 -1.540366e+00 -9.476932e-01 -5.911053e-01 -5.858415e-01 -1.654574e+00 -1.843597e+00 -2.271653e-02 5.669479e-02 1.253997e-01 9.507050e-02 -6.181555e-02 -2.159578e-02 4.865122e-02 -1.981945e-02 -8.860758e-03 1.572650e-02 3.556361e-02 2.947149e-02 -2.851141e-02
<VARIANCE> 25
 5.830812e+01 5.361398e+01 6.950824e+01 5.356578e+01 7.126493e+01 8.576916e+01 5.737562e+01 5.132402e+01 6.697102e+01 3.998584e+01 4.520999e+01 3.462990e+01 4.130257e+00 4.147139e+00 4.373442e+00 4.160979e+00 4.932544e+00 5.671697e+00 4.462450e+00 4.403136e+00 4.989600e+00 3.457829e+00 3.923494e+00 2.985091e+00 1.838975e+00
<GCONST> 1.121407e+02
<STATE> 4
<MEAN> 25
 1.873006e+00 1.362991e+00 -3.203851e-01 -1.956624e+00 -1.055253e+00 -6.304954e-01 -8.568441e-01 -1.567078e+00 -6.859623e-01 -3.655774e-01 -5.225250e-01 -6.469267e-01 -3.316148e-02 1.821215e-02 -2.510439e-02 2.829307e-02 5.560060e-02 2.407843e-02 -6.552974e-03 4.672313e-02 8.924956e-03 1.375450e-02 -5.826976e-03 1.424940e-02 -6.166109e-02
<VARIANCE> 25
 5.941899e+01 3.977776e+01 6.119365e+01 7.450795e+01 5.509997e+01 6.561940e+01 5.289828e+01 3.958166e+01 4.126533e+01 3.622383e+01 3.845634e+01 2.913499e+01 2.940199e+00 2.350848e+00 2.505561e+00 3.453595e+00 2.992787e+00 3.874774e+00 3.304061e+00 3.248937e+00 2.968369e+00 2.850183e+00 2.918746e+00 2.303773e+00 1.920200e+00
<GCONST> 1.059196e+02
<TRANSP> 5
 0.000000e+00 1.000000e+00 0.000000e+00 0.000000e+00 0.000000e+00
 0.000000e+00 9.483991e-01 5.160093e-02 0.000000e+00 0.000000e+00
 0.000000e+00 0.000000e+00 9.722902e-01 2.770977e-02 0.000000e+00
 0.000000e+00 0.000000e+00 0.000000e+00 9.891972e-01 1.080279e-02
 0.000000e+00 0.000000e+00 0.000000e+00 0.000000e+00 0.000000e+00
<ENDHMM>
~h "sil"
<BEGINHMM>
<NUMSTATES> 5
<STATE> 2
<MEAN> 25
 -3.359199e+00 -1.260370e+00 1.870538e-01 1.974732e+00 2.725484e+00 2.528556e+00 1.918058e+00 1.960349e+00 4.206999e-01 5.689355e-01 1.091563e+00 1.941330e+00 -2.528240e-02 7.548769e-03 -1.949097e-03 2.049448e-02 2.228010e-02 3.941290e-02 2.353031e-02 -5.694046e-03 -6.445904e-03 8.840679e-03 2.616088e-02 1.954847e-02 -7.851664e-02
<VARIANCE> 25
 2.505629e+01 2.526184e+01 2.142829e+01 2.283813e+01 3.192610e+01 2.888483e+01 2.345444e+01 2.848608e+01 2.347589e+01 2.285008e+01 2.318047e+01 1.962065e+01 5.073056e-01 7.034157e-01 7.963429e-01 9.873884e-01 1.239450e+00 1.352022e+00 1.454617e+00 1.604402e+00 1.560759e+00 1.530753e+00 1.446456e+00 1.297852e+00 3.240717e-01
<GCONST> 8.479340e+01
<STATE> 3
<MEAN> 25
 -4.327173e+00 -5.707618e-01 -6.247042e-01 1.609479e+00 2.125578e+00 1.554196e+00 1.805108e+00 2.022777e+00 8.810391e-01 -1.086482e-01 3.402839e-01 1.645934e+00 9.522395e-02 3.418356e-02 4.752843e-02 -7.938350e-02 -1.355220e-01 -1.402242e-01 -7.668293e-02 -5.038011e-02 -1.501548e-02 -7.503562e-02 -7.339028e-02 -1.025411e-01 3.807195e-01
<VARIANCE> 25
 5.698269e+01 4.648307e+01 3.538953e+01 2.751275e+01 4.563601e+01 4.162594e+01 3.295688e+01 3.100808e+01 2.751986e+01 2.898298e+01 2.734725e+01 2.279914e+01 2.771297e+00 2.266776e+00 1.911814e+00 1.899584e+00 2.792138e+00 2.993756e+00 2.477838e+00 2.465636e+00 2.194778e+00 2.204072e+00 2.028019e+00 1.863094e+00 2.963551e+00
<GCONST> 9.935827e+01
<STATE> 4
<MEAN> 25
 4.077143e-01 3.623758e-01 2.952139e-01 1.522132e-02 -4.750331e-01 -4.478894e-01 -2.243103e-01 -2.471985e-01 -6.554578e-02 5.706958e-02 -2.277340e-02 -2.728229e-01 5.299935e-03 2.358358e-03 -4.157119e-04 -8.513543e-04 8.200842e-04 -7.573075e-04 -2.140285e-03 -2.062473e-03 -6.727822e-04 2.525162e-03 1.791370e-03 7.872337e-05 -8.774509e-03
<VARIANCE> 25
 5.758533e+01 4.153541e+01 6.065442e+01 4.663178e+01 6.165779e+01 6.053569e+01 4.982559e+01 5.154512e+01 4.524590e+01 3.685218e+01 3.557041e+01 3.190292e+01 2.928356e+00 2.265878e+00 2.643188e+00 2.586363e+00 3.487621e+00 3.690184e+00 3.262389e+00 3.422782e+00 3.076023e+00 2.685764e+00 2.537747e+00 2.264257e+00 1.782411e+00
<GCONST> 1.054238e+02
<TRANSP> 5
 0.000000e+00 1.000000e+00 0.000000e+00 0.000000e+00 0.000000e+00
 0.000000e+00 9.768566e-01 2.314335e-02 0.000000e+00 0.000000e+00
 0.000000e+00 0.000000e+00 9.211968e-01 7.880320e-02 0.000000e+00
 0.000000e+00 0.000000e+00 0.000000e+00 9.934099e-01 6.590120e-03
 0.000000e+00 0.000000e+00 0.000000e+00 0.000000e+00 0.000000e+00
<ENDHMM>
