~o
<STREAMINFO> 1 25
<VECSIZE> 25<NULLD><MFCC_D_N_Z_0><DIAGC>
~s "ST_ek_2_1"
<MEAN> 25
 -1.562145e+00 2.675059e+00 -4.495301e+00 -4.754937e-01 -4.071090e+00 4.335490e+00 3.710693e+00 2.029781e+00 -1.765040e-01 1.346037e+00 1.434659e+00 2.218015e+00 -3.814483e-03 5.170502e-02 3.123038e-03 -1.923738e-02 -2.551869e-02 -4.001029e-02 -5.237279e-02 1.917517e-02 -8.621683e-03 -1.154490e-02 -2.217750e-02 -2.255675e-02 8.613874e-03
<VARIANCE> 25
 2.840219e+00 7.530138e+00 6.299165e+00 5.540460e+00 7.791763e+00 1.038982e+01 7.214998e+00 8.769369e+00 7.607076e+00 8.850869e+00 6.624831e+00 7.498083e+00 1.391026e-01 3.136180e-01 4.063618e-01 5.316800e-01 6.867251e-01 7.440451e-01 6.965403e-01 9.507161e-01 7.941829e-01 9.763210e-01 7.112150e-01 7.704910e-01 9.814623e-02
<GCONST> 6.029340e+01
~s "ST_ek_3_1"
<MEAN> 25
 -4.180265e+00 1.362939e+00 -1.649764e+00 -2.113936e+00 3.182187e-01 1.481182e+00 -8.529018e-01 4.219082e+00 1.106006e+00 2.451219e-01 -8.986787e-01 2.463668e+00 -3.895734e-02 -1.074952e+00 1.475226e+00 6.440546e-01 1.841969e+00 -1.799017e+00 -2.068298e+00 -1.108161e+00 2.730199e-01 1.168838e-01 -9.475829e-01 -7.221039e-01 1.752780e+00
<VARIANCE> 25
 6.011513e+00 1.614978e+01 7.413963e+00 8.280209e+00 1.680095e+01 1.704402e+01 1.101105e+01 5.230083e+00 8.580705e+00 3.656142e+00 7.198040e+00 8.936984e+00 1.378693e+00 2.292811e+00 6.427064e-01 2.442532e+00 2.198722e+00 1.826630e+00 9.737294e-01 2.978233e+00 8.679081e-01 1.685870e+00 4.532825e-01 8.622461e-01 1.168282e+00
<GCONST> 7.561386e+01
~s "ST_ek_4_1"
<MEAN> 25
 5.543147e+00 -7.536183e+00 1.408387e+01 1.192374e+00 1.394288e+01 -1.333242e+01 -1.080646e+01 -7.482353e+00 3.340624e-01 -1.462826e-01 -3.541943e+00 -7.005846e+00 4.661778e-01 -4.044820e-01 5.468087e-01 -3.191424e-02 5.900850e-01 -3.151414e-01 -1.069782e-01 -2.623105e-01 -2.126496e-01 2.336158e-01 -1.577651e-02 -3.244113e-01 1.837042e-01
<VARIANCE> 25
 6.580130e+01 5.937070e+01 3.931708e+01 4.482290e+01 4.892421e+01 4.508835e+01 4.285340e+01 6.924724e+01 4.274587e+01 5.312855e+01 3.377606e+01 3.815681e+01 1.487178e+00 1.918368e+00 2.045515e+00 1.747126e+00 2.546846e+00 3.766316e+00 2.656729e+00 3.994091e+00 3.398449e+00 3.185727e+00 2.023884e+00 2.147892e+00 2.964797e+00
<GCONST> 1.041587e+02
~s "ST_teen_2_1"
<MEAN> 25
 -2.300411e+00 3.446590e+00 -5.853125e+00 -1.719902e+00 -3.889041e+00 2.545415e+00 1.637764e+00 -3.977844e-01 -1.453871e+00 2.513330e+00 2.245908e-01 1.822317e+00 1.318112e-02 6.922771e-04 1.391075e-04 2.634332e-02 6.711284e-03 2.225006e-03 3.824090e-02 1.325976e-02 2.350527e-02 1.510104e-02 1.814550e-02 1.709643e-02 2.482249e-02
<VARIANCE> 25
 1.197469e+00 3.310017e+00 6.930681e+00 3.737029e+00 5.025225e+00 8.194898e+00 7.521186e+00 8.869000e+00 6.777262e+00 7.206755e+00 5.916101e+00 4.973768e+00 7.972582e-02 2.065053e-01 3.559461e-01 4.017648e-01 5.911865e-01 7.018713e-01 9.371831e-01 7.481152e-01 6.231465e-01 1.046148e+00 6.940567e-01 5.596626e-01 6.293668e-02
<GCONST> 5.434180e+01
~s "ST_teen_3_1"
<MEAN> 25
 -2.683568e+00 8.878480e-02 -5.351065e+00 -6.930341e-01 -4.131918e+00 7.497598e-01 2.881626e+00 2.122622e+00 -1.069478e+00 1.417207e+00 -4.893258e-01 1.930698e+00 -8.563969e-02 -3.951420e-01 1.273647e-01 7.014520e-02 -7.493190e-02 1.239099e-02 -1.010761e-01 -2.369159e-01 1.401834e-01 4.433859e-02 -7.379466e-02 -1.052024e-01 4.804642e-01
<VARIANCE> 25
 2.462495e+00 2.303826e+01 9.549317e+00 7.179888e+00 5.214577e+00 9.975884e+00 1.154648e+01 1.236024e+01 1.247383e+01 7.808269e+00 9.703122e+00 7.437702e+00 3.491211e-01 3.896124e+00 1.719102e+00 1.105600e+00 9.305738e-01 1.168972e+00 1.763191e+00 7.469121e-01 1.533835e+00 1.315042e+00 1.517898e+00 8.948547e-01 2.826462e+00
<GCONST> 7.533956e+01
~s "ST_teen_4_1"
<MEAN> 25
 5.344896e+00 -1.150350e+01 2.117467e+01 6.150979e+00 1.591952e+01 -1.549172e+01 -2.697393e+00 -4.521843e+00 5.339695e+00 -7.034828e+00 -1.978362e+00 -6.591324e+00 6.185023e-01 -1.216881e-02 6.175268e-01 9.898254e-02 3.785252e-01 -3.473184e-01 -2.150434e-01 6.952815e-02 8.199249e-03 -3.192159e-01 1.711728e-01 -3.661424e-01 -2.153547e-01
<VARIANCE> 25
 2.680220e+01 2.588371e+01 6.775165e+01 2.200611e+01 8.476552e+01 6.137794e+01 2.612445e+01 1.141132e+02 7.255401e+01 5.904838e+01 3.224456e+01 2.604817e+01 1.524012e+00 2.204537e+00 5.059677e+00 2.659247e+00 5.530079e+00 7.027297e+00 3.542937e+00 4.439494e+00 3.909812e+00 7.339382e+00 4.717062e+00 3.616912e+00 1.090093e+00
<GCONST> 1.079557e+02
~s "ST_pach_2_1"
<MEAN> 25
 -3.409359e+00 4.879564e+00 -3.535997e+00 4.117352e+00 2.917536e-01 2.174823e+00 -2.599076e-01 -6.539677e-01 -7.683482e-01 -1.170123e-01 1.836046e-02 -2.327704e+00 -1.553016e-02 2.141260e-02 1.174680e-02 1.124795e-02 2.262950e-02 9.229797e-03 -1.676436e-03 1.545087e-02 2.453979e-02 -3.861455e-03 -2.806382e-02 -5.731417e-02 -1.741473e-03
<VARIANCE> 25
 2.171878e+00 2.522127e+00 6.810505e+00 5.762247e+00 6.124043e+00 6.881908e+00 5.453969e+00 7.109575e+00 8.433045e+00 6.136734e+00 8.843345e+00 7.305104e+00 7.859231e-02 1.910380e-01 2.630311e-01 3.989785e-01 4.684786e-01 5.861998e-01 5.905211e-01 7.286785e-01 6.944185e-01 6.135506e-01 6.445511e-01 7.950276e-01 5.158101e-02
<GCONST> 5.375592e+01
~s "ST_pach_3_1"
<MEAN> 25
 -5.757619e-01 2.147030e+00 -1.892573e+00 2.705387e+00 -8.739480e-01 -8.787873e-01 -6.801426e-01 7.402069e-01 7.847495e-01 -1.280425e+00 1.383788e-01 -2.922589e+00 1.922253e+00 -1.192940e+00 6.328194e-01 -1.754608e+00 -2.791124e-01 -1.076367e+00 -3.483047e-01 3.869016e-01 3.480158e-01 -8.099850e-02 -2.549185e-01 6.978698e-01 2.523894e+00
<VARIANCE> 25
 3.227617e+01 1.506358e+01 1.228061e+01 1.786210e+01 1.675549e+01 1.265570e+01 1.757088e+01 8.013909e+00 1.700471e+01 1.233151e+01 1.007897e+01 9.958682e+00 3.435253e+00 2.509482e+00 2.710411e+00 2.674240e+00 2.509102e+00 1.602355e+00 1.913463e+00 2.692786e+00 2.539756e+00 2.360816e+00 1.681463e+00 1.320363e+00 8.544128e+00
<GCONST> 8.968275e+01
~s "ST_pach_4_1"
<MEAN> 25
 1.611927e+01 -1.619633e+01 1.031438e+01 -1.656183e+01 2.556323e+00 -1.019309e+01 2.044584e-01 3.761651e+00 3.755232e+00 3.122299e+00 -3.983768e+00 6.813677e+00 -6.736523e-02 -2.354372e-01 3.333071e-01 -1.107051e-01 2.566980e-01 -6.478602e-02 1.402614e-01 -3.516854e-01 -1.225920e-01 -8.341983e-02 1.126578e-01 2.636723e-01 -2.537808e-01
<VARIANCE> 25
 1.643178e+01 2.544016e+01 2.429688e+01 2.297082e+01 4.266639e+01 4.411485e+01 2.192225e+01 6.339108e+01 3.411646e+01 3.768125e+01 6.522737e+01 3.556509e+01 1.758493e+00 3.677837e+00 2.326092e+00 4.696964e+00 4.337079e+00 3.640590e+00 2.419505e+00 4.721755e+00 3.831407e+00 4.479631e+00 4.215430e+00 2.422893e+00 9.529837e-01
<GCONST> 1.025636e+02
~s "ST_saat_2_1"
<MEAN> 25
 -1.255097e+00 4.346597e+00 -4.152144e+00 3.045464e+00 1.089578e+00 2.281001e-01 -7.060014e-01 5.755981e-01 -1.355065e+00 2.561543e-01 -7.629681e-01 -1.725003e+00 -4.337788e-03 -1.927127e-02 -1.435308e-02 -7.011992e-03 -1.406872e-03 1.782704e-02 -2.087574e-03 -1.528742e-02 2.911214e-03 3.262368e-03 4.098514e-03 2.051512e-02 2.510594e-02
<VARIANCE> 25
 9.218032e-01 3.082757e+00 3.708990e+00 3.605798e+00 5.830690e+00 8.211348e+00 7.896031e+00 8.310079e+00 1.039747e+01 7.808158e+00 6.071522e+00 6.996531e+00 6.716853e-02 1.919890e-01 2.939472e-01 3.446731e-01 4.975332e-01 6.573973e-01 7.169523e-01 7.651099e-01 8.866313e-01 9.222115e-01 6.986091e-01 6.410379e-01 5.158101e-02
<GCONST> 5.345520e+01
~s "ST_saat_3_1"
<MEAN> 25
 -2.449909e+00 3.031029e+00 -3.070197e+00 4.046263e+00 -1.038507e+00 2.254225e+00 -5.618441e-01 -1.794190e-02 -1.396788e+00 4.336470e-01 -9.232681e-01 -1.731882e+00 2.256476e-01 -2.237529e-01 4.931740e-01 1.125680e-01 -6.373601e-02 1.758188e-01 -1.717029e-02 -4.572964e-02 1.410642e-01 -3.315357e-02 -1.433792e-01 1.760644e-02 3.455536e-01
<VARIANCE> 25
 7.884341e+00 5.800710e+00 9.637751e+00 1.100334e+01 9.176160e+00 1.399795e+01 1.164583e+01 8.611126e+00 1.179877e+01 1.153857e+01 1.317568e+01 6.975065e+00 1.673071e+00 2.052069e+00 1.669966e+00 1.371435e+00 1.499608e+00 1.835403e+00 1.268205e+00 1.233244e+00 1.537354e+00 1.469805e+00 1.901576e+00 8.819916e-01 9.789186e-01
<GCONST> 7.816448e+01
~s "ST_saat_4_1"
<MEAN> 25
 -9.932586e+00 -4.085622e+00 1.054756e+01 -2.624746e-01 1.029885e+00 4.500804e+00 1.738945e+00 -3.136910e+00 2.403625e+00 -8.449867e-02 4.082856e-01 -3.644136e-02 -2.141261e-01 -3.802986e-01 4.462675e-01 -3.817277e-01 1.947465e-01 -1.277142e-01 2.542787e-01 -2.889553e-01 1.890197e-01 -1.164571e-01 1.452454e-01 -1.121947e-02 6.686058e-01
<VARIANCE> 25
 7.530792e+01 4.291068e+01 3.963206e+01 3.216302e+01 3.054749e+01 6.405977e+01 4.729139e+01 3.727524e+01 3.896161e+01 1.765336e+01 2.619685e+01 1.799929e+01 5.465362e+00 4.087528e+00 3.264843e+00 2.516237e+00 2.093290e+00 3.048827e+00 2.491673e+00 2.910014e+00 2.510907e+00 1.461398e+00 2.029459e+00 1.466433e+00 2.060760e+00
<GCONST> 1.010820e+02
~s "ST_char_2_1"
<MEAN> 25
 -3.045359e+00 4.537872e+00 -2.372260e+00 1.721666e+00 3.305146e-02 2.053450e+00 3.996107e-01 2.481487e-01 -4.011672e-01 8.726525e-02 -5.394304e-02 -2.138745e+00 1.019052e-03 6.233895e-03 -3.587023e-03 -7.265133e-03 1.114695e-02 -4.236251e-04 -3.034792e-03 2.440370e-02 3.776529e-02 2.010723e-02 1.015599e-02 -3.016675e-03 5.415149e-03
<VARIANCE> 25
 1.534865e+00 2.728604e+00 3.619079e+00 4.272840e+00 5.003516e+00 6.181156e+00 5.082402e+00 8.944720e+00 9.123540e+00 9.714914e+00 6.710377e+00 6.397766e+00 6.952048e-02 2.321691e-01 2.972781e-01 3.854187e-01 4.810093e-01 5.691578e-01 5.087212e-01 7.965375e-01 9.876450e-01 9.789640e-01 8.577974e-01 8.341686e-01 5.158101e-02
<GCONST> 5.378554e+01
~s "ST_char_3_1"
<MEAN> 25
 -4.001365e+00 2.447943e+00 -2.958980e+00 3.334974e+00 -1.303022e+00 6.502556e-01 -5.032731e-01 1.131086e+00 5.219350e-01 1.419328e+00 1.854327e+00 -3.122046e+00 -7.393397e-01 -1.530766e+00 1.460212e+00 -1.027085e-01 -5.896851e-01 6.596527e-01 -3.973731e-01 2.460607e-01 4.761379e-01 -9.105126e-01 3.320746e-01 -3.327080e-01 1.124903e+00
<VARIANCE> 25
 9.761172e+00 1.328336e+01 1.244683e+01 2.589614e+01 8.252653e+00 2.456079e+01 1.331086e+01 1.131719e+01 4.902846e+00 1.455727e+01 6.229242e+00 7.172045e+00 2.072220e+00 4.432572e+00 2.448532e+00 2.801941e+00 1.479692e+00 3.974859e+00 3.347464e+00 2.091616e+00 1.430416e+00 2.506228e+00 1.149491e+00 1.771239e+00 2.301436e+00
<GCONST> 8.566399e+01
~s "ST_char_4_1"
<MEAN> 25
 3.392946e+00 -8.509429e+00 7.686776e+00 -6.975389e+00 1.055859e+00 -3.561381e+00 2.026201e-01 4.312621e-01 1.797798e+00 1.984076e+00 -1.632460e+00 5.176182e+00 2.699676e-01 -3.135972e-02 5.417863e-03 -1.572344e-01 2.384979e-01 -2.255363e-01 -6.413344e-02 -2.134237e-02 -2.778754e-02 5.427356e-02 -2.812597e-02 2.362534e-01 2.688786e-01
<VARIANCE> 25
 1.107677e+02 2.130050e+01 4.756453e+01 8.242368e+01 7.359708e+01 6.008785e+01 5.309792e+01 6.476625e+01 7.381509e+01 4.168210e+01 5.299463e+01 7.414684e+01 4.564381e+00 2.355888e+00 3.880585e+00 3.211754e+00 5.425027e+00 5.213986e+00 5.506206e+00 4.660363e+00 5.808761e+00 3.528134e+00 4.457665e+00 3.944780e+00 2.197126e+00
<GCONST> 1.129919e+02
~s "ST_aath_2_1"
<MEAN> 25
 -4.085731e+00 3.596025e+00 -1.086176e+00 3.808171e+00 1.741037e+00 8.241623e-01 -7.506021e-01 -5.563550e-02 -1.171107e+00 -3.369615e-01 6.173260e-01 -2.300228e+00 4.832996e-03 8.977065e-03 -1.607514e-02 -1.645511e-02 2.937532e-03 -7.683702e-03 1.748932e-02 1.075090e-02 4.680975e-03 1.433011e-02 8.862033e-03 -2.498761e-03 2.909388e-02
<VARIANCE> 25
 1.981132e+00 5.979204e+00 3.122443e+00 6.125718e+00 7.325788e+00 8.358355e+00 7.574929e+00 9.148542e+00 7.685001e+00 1.076405e+01 1.102120e+01 6.187192e+00 1.074899e-01 2.762728e-01 2.711390e-01 4.755020e-01 4.754547e-01 6.108505e-01 7.683184e-01 8.162246e-01 8.503508e-01 5.386909e-01 6.441131e-01 6.816052e-01 8.527360e-02
<GCONST> 5.702684e+01
~s "ST_aath_3_1"
<MEAN> 25
 -4.471674e+00 1.286736e+00 -1.408139e+00 2.803920e-01 -2.751877e+00 1.980157e+00 2.204583e+00 2.134465e+00 -1.529241e-02 -1.954347e+00 -3.530486e-01 -9.417564e-01 2.578333e-01 -5.314480e-01 1.453400e-01 -4.269993e-01 -5.755567e-01 4.094063e-02 3.331173e-01 2.254292e-01 3.192856e-01 -7.552306e-02 -4.104203e-01 1.871472e-01 6.473476e-01
<VARIANCE> 25
 1.818886e+01 3.402294e+01 2.276804e+01 2.523198e+01 3.588584e+01 3.106144e+01 2.984022e+01 2.264555e+01 2.489436e+01 2.219489e+01 2.448044e+01 1.203903e+01 1.379698e+00 3.318706e+00 1.792900e+00 2.132140e+00 2.681026e+00 2.732177e+00 2.422971e+00 1.843616e+00 3.274836e+00 2.306045e+00 2.660469e+00 1.462632e+00 2.264393e+00
<GCONST> 9.480917e+01
~s "ST_aath_4_1"
<MEAN> 25
 1.350894e+01 -1.098343e+01 4.014807e+00 -1.149045e+01 -3.750348e+00 -4.481799e+00 2.228288e+00 9.563820e-01 3.868015e+00 2.544563e+00 -5.353108e+00 6.057433e+00 5.517973e-01 5.261261e-02 -9.729967e-02 1.038407e-01 3.112288e-01 4.236059e-02 -3.063911e-01 -4.133096e-01 -2.644806e-01 1.089851e-01 3.000426e-01 1.735390e-01 -1.590408e-01
<VARIANCE> 25
 7.317950e+01 5.732323e+01 4.213100e+01 6.195635e+01 1.415326e+02 9.739211e+01 6.964428e+01 8.514714e+01 1.048706e+02 1.014196e+02 1.040362e+02 5.953743e+01 4.137346e+00 3.834187e+00 3.280469e+00 6.328472e+00 9.949678e+00 9.383720e+00 5.176240e+00 8.220437e+00 7.401851e+00 6.867600e+00 7.305267e+00 6.041306e+00 2.227533e+00
<GCONST> 1.209791e+02
~s "ST_shunya_2_1"
<MEAN> 25
 -5.810544e+00 7.682581e+00 -5.928146e+00 1.091540e-01 -4.990375e+00 1.766929e+00 3.106503e+00 4.789790e-01 -9.561183e-01 8.560858e-01 -3.342983e-01 1.312650e+00 -2.838249e-03 -1.336448e-02 -2.664576e-02 7.179863e-03 3.701486e-03 -1.427888e-02 -2.421818e-02 3.464625e-04 -8.458932e-04 -1.507998e-02 2.615104e-03 1.618219e-02 4.608754e-02
<VARIANCE> 25
 1.774848e+00 8.301146e+00 4.688895e+00 7.199635e+00 1.052056e+01 9.818899e+00 1.299277e+01 1.109639e+01 8.507868e+00 8.708497e+00 6.259047e+00 7.102400e+00 1.147550e-01 4.364769e-01 3.625836e-01 4.824213e-01 5.527601e-01 6.320336e-01 8.953986e-01 7.194255e-01 7.066622e-01 7.721431e-01 5.717430e-01 6.369005e-01 1.756872e-01
<GCONST> 6.028078e+01
~s "ST_shunya_3_1"
<MEAN> 25
 -5.009367e+00 4.388502e+00 -4.238914e+00 1.091895e+00 -2.367599e+00 2.151927e+00 -1.170290e-01 6.945454e-01 3.763533e-01 -8.103352e-01 1.692657e-01 1.871551e+00 8.087503e-01 -2.134081e+00 1.479934e+00 2.286869e-01 1.016444e+00 3.101575e-01 -3.813942e-01 -7.770403e-02 1.541844e-01 -7.014768e-01 3.426110e-01 -4.882649e-01 7.938127e-01
<VARIANCE> 25
 8.339806e+00 2.662075e+01 1.300380e+01 1.928789e+01 2.787298e+01 1.469581e+01 1.899127e+01 1.335052e+01 1.470628e+01 1.774795e+01 2.007865e+01 7.889635e+00 2.434411e+00 1.148177e+01 4.786846e+00 6.768875e+00 3.297235e+00 2.732265e+00 5.135145e+00 3.272696e+00 3.563231e+00 2.218471e+00 2.782584e+00 1.822589e+00 6.698821e-01
<GCONST> 9.417398e+01
~s "ST_shunya_4_1"
<MEAN> 25
 8.757758e+00 -1.291063e+01 8.545136e+00 1.502757e+00 6.238304e+00 -9.594173e-01 -5.180223e+00 5.588888e-01 1.332907e+00 -1.257855e+00 -7.505882e-01 -2.028578e+00 3.389181e-01 4.709602e-03 6.314951e-02 7.071275e-03 4.671740e-02 -9.571728e-02 -1.060746e-01 -3.702946e-02 -5.191068e-02 1.265388e-01 -5.473287e-02 -8.316958e-02 1.348876e-01
<VARIANCE> 25
 3.137019e+02 3.963112e+01 4.024437e+01 7.816858e+01 9.859258e+01 1.125600e+02 6.954367e+01 4.879548e+01 6.936269e+01 4.072913e+01 5.571031e+01 3.423518e+01 6.378917e+00 3.880255e+00 4.164233e+00 5.933044e+00 6.236222e+00 7.101682e+00 3.672740e+00 4.024719e+00 5.743539e+00 3.815722e+00 4.350558e+00 2.473308e+00 2.370007e+00
<GCONST> 1.155986e+02
~s "ST_don_2_1"
<MEAN> 25
 -7.005550e+00 3.288726e+00 -6.010974e+00 8.722779e-01 -8.714283e-01 -5.063853e-01 3.962268e+00 -1.241755e+00 3.553764e-01 2.333951e+00 -1.045930e-01 1.015473e+00 -1.554630e-02 -7.658245e-02 -1.491344e-02 -9.811646e-03 1.655076e-03 -2.934218e-02 -1.767522e-02 -1.088282e-02 2.327585e-02 2.502870e-02 5.201304e-02 1.585508e-02 3.595617e-02
<VARIANCE> 25
 2.211258e+00 7.023832e+00 5.087916e+00 3.022543e+00 9.163921e+00 6.214424e+00 6.943666e+00 8.358452e+00 9.434861e+00 1.010815e+01 7.681604e+00 7.488357e+00 7.392935e-02 2.376321e-01 2.855855e-01 3.614860e-01 5.082390e-01 4.501188e-01 7.011954e-01 7.358125e-01 9.206488e-01 1.007987e+00 7.043584e-01 6.872537e-01 6.344374e-02
<GCONST> 5.612887e+01
~s "ST_don_3_1"
<MEAN> 25
 -4.925303e+00 -6.260884e+00 -6.328129e+00 2.230008e-02 2.178559e+00 -2.992860e+00 4.696607e+00 -4.694249e+00 1.403857e+00 -1.094066e+00 2.963649e+00 3.591098e+00 2.713918e-01 -7.173283e-02 -1.484279e-02 8.746815e-02 -2.720259e-02 2.002955e-01 -6.106644e-02 -6.438217e-02 1.017089e-01 -4.427789e-02 -2.781861e-01 3.406289e-02 5.856031e-02
<VARIANCE> 25
 6.462642e+00 4.073112e+01 4.484828e+01 2.078174e+01 1.576229e+01 6.747759e+01 2.031788e+01 1.629282e+01 2.561387e+01 1.832252e+01 1.165606e+01 1.821199e+01 1.447705e+00 3.578410e+00 2.577019e+00 1.735813e+00 2.269370e+00 4.034307e+00 1.218712e+00 1.933509e+00 2.333085e+00 1.566231e+00 2.008751e+00 1.834327e+00 1.619363e-01
<GCONST> 8.963211e+01
~s "ST_don_4_1"
<MEAN> 25
 1.148025e+01 -5.953650e+00 1.026777e+01 -2.238708e+00 -2.795058e-01 -1.753961e-01 -7.326905e+00 2.732379e+00 -3.215035e+00 -3.663734e+00 1.570625e+00 -3.255103e+00 3.116470e-01 -1.522478e-01 3.106778e-01 8.057708e-02 -1.429202e-01 3.279268e-02 -3.871360e-01 3.583818e-01 -1.609068e-01 -2.580978e-01 1.937285e-01 -2.382080e-01 1.596192e-01
<VARIANCE> 25
 8.452689e+01 7.111805e+01 6.460767e+01 1.293656e+02 5.552708e+01 7.472681e+01 8.113117e+01 8.119460e+01 9.235892e+01 4.828289e+01 4.649484e+01 3.560686e+01 5.842831e+00 4.057951e+00 3.506485e+00 6.557583e+00 4.910701e+00 5.977834e+00 6.218163e+00 4.302004e+00 7.186322e+00 6.453412e+00 5.761536e+00 4.055497e+00 2.086920e+00
<GCONST> 1.173085e+02
~s "ST_saha_2_1"
<MEAN> 25
 -2.241063e+00 4.664089e+00 -4.014202e+00 4.150501e+00 1.850398e+00 6.334479e-01 -1.589533e+00 5.659105e-01 -1.929618e+00 -9.428571e-01 6.923563e-01 -1.499277e+00 -9.116450e-03 -3.881116e-02 3.476699e-03 -1.596971e-02 -3.379121e-02 1.515779e-02 1.570384e-02 1.422426e-02 -9.355241e-03 -3.106818e-03 2.552545e-02 1.704704e-02 4.396937e-02
<VARIANCE> 25
 1.568987e+00 4.507612e+00 5.058727e+00 5.489362e+00 6.790254e+00 1.003013e+01 1.381924e+01 1.185583e+01 7.630481e+00 7.359916e+00 8.301220e+00 6.904392e+00 8.177133e-02 2.949708e-01 4.374209e-01 4.215162e-01 4.718090e-01 6.706324e-01 7.840993e-01 7.324535e-01 8.044046e-01 7.590125e-01 7.385468e-01 6.644402e-01 8.464866e-02
<GCONST> 5.782851e+01
~s "ST_saha_3_1"
<MEAN> 25
 -1.157806e+01 -4.012477e+00 8.287734e+00 1.135196e+00 8.308554e-01 1.305624e+00 1.900428e+00 -9.989740e-01 -3.425513e-01 -1.542183e+00 3.910647e+00 -1.752917e+00 2.528309e-01 -3.177199e-01 4.844828e-01 -3.481919e-01 3.320162e-01 -3.687752e-01 1.749211e-01 -3.192262e-01 8.014294e-02 -2.728494e-01 8.447824e-02 -3.268295e-02 6.855044e-01
<VARIANCE> 25
 6.315537e+01 3.546423e+01 6.638912e+01 2.531767e+01 4.345427e+01 5.003323e+01 3.768506e+01 3.890363e+01 5.066461e+01 2.648358e+01 2.099469e+01 1.885465e+01 6.397689e+00 4.347448e+00 4.037065e+00 1.986657e+00 4.060842e+00 2.657140e+00 2.954050e+00 2.976745e+00 2.766482e+00 3.539932e+00 1.604228e+00 1.710230e+00 1.925266e+00
<GCONST> 1.031518e+02
~s "ST_saha_4_1"
<MEAN> 25
 1.387426e+01 -8.654112e+00 6.574998e+00 -1.230907e+01 1.991571e+00 -6.740372e+00 3.679724e+00 1.062435e+00 2.902365e-01 2.744310e+00 -5.865332e+00 6.732686e+00 2.325052e-01 5.062467e-02 -1.866094e-01 -1.866646e-01 -4.597244e-01 3.256115e-01 -5.339907e-02 1.693455e-01 1.852274e-01 1.867628e-01 -3.858626e-01 2.500870e-01 -2.919921e-01
<VARIANCE> 25
 1.623905e+01 2.919633e+01 3.186988e+01 6.147290e+01 6.426266e+01 4.140640e+01 1.052620e+02 9.561555e+01 6.003855e+01 5.868765e+01 4.566084e+01 3.557241e+01 3.300189e+00 3.008267e+00 2.075134e+00 4.357461e+00 3.397766e+00 3.518033e+00 5.693948e+00 5.327513e+00 4.233964e+00 6.198798e+00 4.752779e+00 4.384531e+00 5.651286e-01
<GCONST> 1.084761e+02
~s "ST_nau_2_1"
<MEAN> 25
 -6.915024e+00 3.146183e+00 -5.248707e+00 1.235672e+00 -2.347188e-01 1.220396e+00 1.965451e+00 -6.405765e-01 1.491859e+00 3.279534e-01 1.383900e+00 1.846876e-01 1.202837e-02 6.346243e-03 -2.615494e-02 4.373690e-03 2.425260e-02 -1.684618e-02 1.648746e-02 4.396984e-02 2.655496e-02 9.032408e-03 1.081221e-02 -2.027115e-03 -3.369023e-03
<VARIANCE> 25
 3.277057e+00 3.915224e+00 3.893879e+00 4.585619e+00 1.067778e+01 1.499589e+01 1.087814e+01 9.259826e+00 9.087675e+00 9.535167e+00 7.957894e+00 7.684412e+00 5.813659e-02 2.283635e-01 2.889978e-01 3.569233e-01 4.302603e-01 6.445956e-01 7.442470e-01 9.205949e-01 8.412278e-01 7.912253e-01 6.308345e-01 6.139777e-01 5.158101e-02
<GCONST> 5.707058e+01
~s "ST_nau_3_1"
<MEAN> 25
 -3.512568e+00 -1.103152e+00 -5.603213e+00 6.317837e+00 2.952687e+00 2.173976e+00 -1.447236e-01 2.210651e-01 2.268300e+00 -3.584274e+00 2.256042e-01 5.270193e-01 8.221062e-01 -1.229006e-01 5.468171e-01 1.093912e+00 4.695115e-01 4.546567e-01 -5.306603e-01 -5.739759e-01 7.022737e-02 -3.658574e-01 -4.104794e-01 -2.702791e-01 4.872513e-01
<VARIANCE> 25
 1.025895e+01 3.089361e+01 1.581540e+01 1.917657e+01 7.054416e+00 1.590775e+01 1.721251e+01 2.258496e+01 2.058982e+01 2.210759e+01 2.351727e+01 1.740917e+01 1.345135e+00 9.844187e-01 8.385859e-01 1.508432e+00 8.835965e-01 1.800874e+00 1.790725e+00 2.021792e+00 1.928175e+00 2.087388e+00 1.862219e+00 1.042273e+00 2.621742e-01
<GCONST> 8.322299e+01
~s "ST_nau_4_1"
<MEAN> 25
 1.693590e+01 -8.087572e+00 4.877677e+00 1.257574e+01 3.205633e+00 9.156615e+00 -9.589606e+00 -5.217057e+00 1.147412e+00 -1.206313e+00 -5.427859e+00 -4.301199e+00 6.872324e-01 -5.800387e-01 5.293822e-01 -7.972375e-01 8.875284e-02 -3.994291e-01 8.388821e-02 4.182056e-01 -6.022965e-01 -6.156911e-01 2.345808e-01 3.657818e-03 6.995873e-01
<VARIANCE> 25
 6.416357e+01 5.607955e+01 3.502512e+01 8.372951e+01 6.024719e+01 8.178012e+01 1.043638e+02 9.158150e+01 8.650690e+01 8.064585e+01 6.666151e+01 3.952028e+01 8.748524e+00 4.714010e+00 3.078949e+00 7.717424e+00 6.137932e+00 9.646001e+00 1.225835e+01 4.876140e+00 5.304736e+00 7.185163e+00 6.027036e+00 3.708282e+00 2.604449e+00
<GCONST> 1.192769e+02
~s "ST_sil_2_1"
<MEAN> 25
 -1.549089e+00 1.919593e+00 -1.441139e+00 1.989049e+00 6.646947e-01 1.802248e+00 7.981506e-01 1.230336e+00 6.841260e-01 -3.667704e-02 2.007346e+00 6.677940e-01 -1.241075e+00 1.205111e-02 -5.214168e-01 -1.745028e-01 -8.286464e-01 -4.788842e-01 -4.378271e-02 -5.416812e-01 -3.852219e-01 -3.568394e-01 -3.634890e-03 -3.769851e-01 4.483642e+00
<VARIANCE> 25
 6.879894e+01 3.720979e+01 3.150342e+01 3.386643e+01 5.706239e+01 3.173240e+01 2.622057e+01 3.321570e+01 2.550365e+01 2.302739e+01 1.669221e+01 1.893673e+01 1.047849e+01 5.430480e+00 4.818582e+00 4.167808e+00 5.467136e+00 4.976348e+00 3.698398e+00 3.893732e+00 3.410163e+00 2.764745e+00 2.847176e+00 2.158588e+00 2.959404e+01
<GCONST> 1.076288e+02
~s "silst"
<MEAN> 25
 -3.283922e+00 3.789239e+00 -3.834543e+00 2.473744e+00 -8.539188e-01 1.463701e+00 1.162203e-01 1.818492e-01 -7.923086e-01 1.836478e-01 6.718304e-01 -5.932999e-01 -1.078238e-01 4.281623e-02 9.369668e-03 4.724903e-02 2.741407e-02 2.206606e-02 8.088032e-03 8.550527e-03 -6.273656e-03 2.533329e-02 -1.405988e-02 -1.139955e-02 5.767079e-02
<VARIANCE> 25
 1.045724e+01 1.034229e+01 1.380582e+01 1.475225e+01 1.347660e+01 1.340247e+01 1.332035e+01 1.291266e+01 1.140785e+01 1.064788e+01 8.552506e+00 1.067830e+01 2.011160e-01 4.144561e-01 4.643574e-01 6.111225e-01 6.672896e-01 7.901509e-01 9.261132e-01 9.701387e-01 9.209940e-01 8.773344e-01 8.064207e-01 7.769216e-01 4.935908e-01
<GCONST> 6.972681e+01
~s "ST_sil_3_1"
<MEAN> 25
 -3.325086e+00 3.816107e+00 -3.896370e+00 2.543296e+00 -8.843844e-01 1.485705e+00 1.245733e-01 2.114738e-01 -8.039788e-01 1.930658e-01 6.668304e-01 -6.260694e-01 -1.018989e-01 4.228126e-02 1.571664e-02 3.989270e-02 4.076485e-02 1.723348e-02 2.231747e-02 1.336949e-02 -1.499074e-03 2.474631e-02 -7.352284e-03 -3.253671e-03 -1.518822e-02
<VARIANCE> 25
 1.037829e+01 1.033924e+01 1.406926e+01 1.489765e+01 1.338996e+01 1.333894e+01 1.334425e+01 1.276959e+01 1.143909e+01 1.053178e+01 8.554069e+00 1.069335e+01 1.932150e-01 4.035206e-01 4.581629e-01 6.069928e-01 6.533343e-01 7.745086e-01 9.221027e-01 9.663503e-01 9.222618e-01 8.704543e-01 8.005241e-01 7.658736e-01 2.456622e-01
<GCONST> 6.885814e+01
~s "ST_sil_4_1"
<MEAN> 25
 1.100683e+01 -7.266027e+00 8.499151e+00 -7.147335e+00 -8.803660e-01 -4.344067e+00 -1.888905e+00 -7.587047e-01 1.205677e-02 -1.451320e+00 -6.374465e-01 9.497232e-01 2.547465e-01 5.967942e-02 -1.879078e-02 5.805098e-02 -2.054073e-01 2.568114e-01 3.286800e-02 1.004227e-01 -6.732550e-02 1.932231e-01 -1.739762e-01 1.166610e-01 -3.883783e-01
<VARIANCE> 25
 1.193941e+02 6.680209e+01 8.607308e+01 1.023724e+02 1.575428e+02 1.124462e+02 8.377974e+01 7.777245e+01 8.858189e+01 8.330679e+01 6.818134e+01 6.590949e+01 3.399004e+00 3.134361e+00 4.106296e+00 5.591808e+00 6.336990e+00 5.166306e+00 4.948073e+00 5.424280e+00 6.079335e+00 6.658971e+00 5.722822e+00 4.273575e+00 1.587107e+00
<GCONST> 1.195338e+02
~h "ek"
<BEGINHMM>
<NUMSTATES> 5
<STATE> 2
~s "ST_ek_2_1"
<STATE> 3
~s "ST_ek_3_1"
<STATE> 4
~s "ST_ek_4_1"
<TRANSP> 5
 0.000000e+00 1.000000e+00 0.000000e+00 0.000000e+00 0.000000e+00
 0.000000e+00 9.830564e-01 1.694359e-02 0.000000e+00 0.000000e+00
 0.000000e+00 0.000000e+00 6.976229e-01 3.023771e-01 0.000000e+00
 0.000000e+00 0.000000e+00 0.000000e+00 9.654949e-01 3.450506e-02
 0.000000e+00 0.000000e+00 0.000000e+00 0.000000e+00 0.000000e+00
<ENDHMM>
~h "sp"
<BEGINHMM>
<NUMSTATES> 3
<STATE> 2
~s "ST_sil_3_1"
<TRANSP> 3
 0.000000e+00 6.970523e-02 9.302948e-01
 0.000000e+00 9.368782e-01 6.312180e-02
 0.000000e+00 0.000000e+00 0.000000e+00
<ENDHMM>
~h "saat"
<BEGINHMM>
<NUMSTATES> 5
<STATE> 2
~s "ST_saat_2_1"
<STATE> 3
~s "ST_saat_3_1"
<STATE> 4
~s "ST_saat_4_1"
<TRANSP> 5
 0.000000e+00 1.000000e+00 0.000000e+00 0.000000e+00 0.000000e+00
 0.000000e+00 9.812117e-01 1.878830e-02 0.000000e+00 0.000000e+00
 0.000000e+00 0.000000e+00 8.811615e-01 1.188385e-01 0.000000e+00
 0.000000e+00 0.000000e+00 0.000000e+00 9.607280e-01 3.927197e-02
 0.000000e+00 0.000000e+00 0.000000e+00 0.000000e+00 0.000000e+00
<ENDHMM>
~h "saha"
<BEGINHMM>
<NUMSTATES> 5
<STATE> 2
~s "ST_saha_2_1"
<STATE> 3
~s "ST_saha_3_1"
<STATE> 4
~s "ST_saha_4_1"
<TRANSP> 5
 0.000000e+00 1.000000e+00 0.000000e+00 0.000000e+00 0.000000e+00
 0.000000e+00 9.834728e-01 1.652722e-02 0.000000e+00 0.000000e+00
 0.000000e+00 0.000000e+00 9.634297e-01 3.657031e-02 0.000000e+00
 0.000000e+00 0.000000e+00 0.000000e+00 9.638024e-01 3.619754e-02
 0.000000e+00 0.000000e+00 0.000000e+00 0.000000e+00 0.000000e+00
<ENDHMM>
~h "char"
<BEGINHMM>
<NUMSTATES> 5
<STATE> 2
~s "ST_char_2_1"
<STATE> 3
~s "ST_char_3_1"
<STATE> 4
~s "ST_char_4_1"
<TRANSP> 5
 0.000000e+00 1.000000e+00 0.000000e+00 0.000000e+00 0.000000e+00
 0.000000e+00 9.823122e-01 1.768778e-02 0.000000e+00 0.000000e+00
 0.000000e+00 0.000000e+00 7.826295e-01 2.173705e-01 0.000000e+00
 0.000000e+00 0.000000e+00 0.000000e+00 9.673292e-01 3.267081e-02
 0.000000e+00 0.000000e+00 0.000000e+00 0.000000e+00 0.000000e+00
<ENDHMM>
~h "teen"
<BEGINHMM>
<NUMSTATES> 5
<STATE> 2
~s "ST_teen_2_1"
<STATE> 3
~s "ST_teen_3_1"
<STATE> 4
~s "ST_teen_4_1"
<TRANSP> 5
 0.000000e+00 1.000000e+00 0.000000e+00 0.000000e+00 0.000000e+00
 0.000000e+00 9.881008e-01 1.189924e-02 0.000000e+00 0.000000e+00
 0.000000e+00 0.000000e+00 9.544496e-01 4.555041e-02 0.000000e+00
 0.000000e+00 0.000000e+00 0.000000e+00 9.531243e-01 4.687564e-02
 0.000000e+00 0.000000e+00 0.000000e+00 0.000000e+00 0.000000e+00
<ENDHMM>
~h "don"
<BEGINHMM>
<NUMSTATES> 5
<STATE> 2
~s "ST_don_2_1"
<STATE> 3
~s "ST_don_3_1"
<STATE> 4
~s "ST_don_4_1"
<TRANSP> 5
 0.000000e+00 1.000000e+00 0.000000e+00 0.000000e+00 0.000000e+00
 0.000000e+00 9.844394e-01 1.556058e-02 0.000000e+00 0.000000e+00
 0.000000e+00 0.000000e+00 9.110231e-01 8.897694e-02 0.000000e+00
 0.000000e+00 0.000000e+00 0.000000e+00 9.546604e-01 4.533957e-02
 0.000000e+00 0.000000e+00 0.000000e+00 0.000000e+00 0.000000e+00
<ENDHMM>
~h "nau"
<BEGINHMM>
<NUMSTATES> 5
<STATE> 2
~s "ST_nau_2_1"
<STATE> 3
~s "ST_nau_3_1"
<STATE> 4
~s "ST_nau_4_1"
<TRANSP> 5
 0.000000e+00 1.000000e+00 0.000000e+00 0.000000e+00 0.000000e+00
 0.000000e+00 9.860395e-01 1.396056e-02 0.000000e+00 0.000000e+00
 0.000000e+00 0.000000e+00 8.952498e-01 1.047502e-01 0.000000e+00
 0.000000e+00 0.000000e+00 0.000000e+00 9.180906e-01 8.190930e-02
 0.000000e+00 0.000000e+00 0.000000e+00 0.000000e+00 0.000000e+00
<ENDHMM>
~h "sil"
<BEGINHMM>
<NUMSTATES> 5
<STATE> 2
~s "ST_sil_2_1"
<STATE> 3
~s "ST_sil_3_1"
<STATE> 4
~s "ST_sil_4_1"
<TRANSP> 5
 0.000000e+00 1.000000e+00 0.000000e+00 0.000000e+00 0.000000e+00
 0.000000e+00 7.525899e-01 1.205790e-01 1.268311e-01 0.000000e+00
 0.000000e+00 0.000000e+00 9.362885e-01 6.371156e-02 0.000000e+00
 0.000000e+00 8.592512e-02 0.000000e+00 8.151998e-01 9.887511e-02
 0.000000e+00 0.000000e+00 0.000000e+00 0.000000e+00 0.000000e+00
<ENDHMM>
~h "shunya"
<BEGINHMM>
<NUMSTATES> 5
<STATE> 2
~s "ST_shunya_2_1"
<STATE> 3
~s "ST_shunya_3_1"
<STATE> 4
~s "ST_shunya_4_1"
<TRANSP> 5
 0.000000e+00 1.000000e+00 0.000000e+00 0.000000e+00 0.000000e+00
 0.000000e+00 9.856426e-01 1.435741e-02 0.000000e+00 0.000000e+00
 0.000000e+00 0.000000e+00 8.328649e-01 1.671351e-01 0.000000e+00
 0.000000e+00 0.000000e+00 0.000000e+00 9.802310e-01 1.976901e-02
 0.000000e+00 0.000000e+00 0.000000e+00 0.000000e+00 0.000000e+00
<ENDHMM>
~h "pach"
<BEGINHMM>
<NUMSTATES> 5
<STATE> 2
~s "ST_pach_2_1"
<STATE> 3
~s "ST_pach_3_1"
<STATE> 4
~s "ST_pach_4_1"
<TRANSP> 5
 0.000000e+00 1.000000e+00 0.000000e+00 0.000000e+00 0.000000e+00
 0.000000e+00 9.855021e-01 1.449792e-02 0.000000e+00 0.000000e+00
 0.000000e+00 0.000000e+00 8.604867e-01 1.395133e-01 0.000000e+00
 0.000000e+00 0.000000e+00 0.000000e+00 9.556779e-01 4.432219e-02
 0.000000e+00 0.000000e+00 0.000000e+00 0.000000e+00 0.000000e+00
<ENDHMM>
~h "aath"
<BEGINHMM>
<NUMSTATES> 5
<STATE> 2
~s "ST_aath_2_1"
<STATE> 3
~s "ST_aath_3_1"
<STATE> 4
~s "ST_aath_4_1"
<TRANSP> 5
 0.000000e+00 1.000000e+00 0.000000e+00 0.000000e+00 0.000000e+00
 0.000000e+00 9.801973e-01 1.980278e-02 0.000000e+00 0.000000e+00
 0.000000e+00 0.000000e+00 9.378648e-01 6.213517e-02 0.000000e+00
 0.000000e+00 0.000000e+00 0.000000e+00 9.624736e-01 3.752638e-02
 0.000000e+00 0.000000e+00 0.000000e+00 0.000000e+00 0.000000e+00
<ENDHMM>
