~o
<STREAMINFO> 1 25
<VECSIZE> 25<NULLD><MFCC_D_N_Z_0><DIAGC>
~s "silst"
<MEAN> 25
 -7.834724e+00 1.972248e+00 -6.277760e-01 1.771711e+00 3.552460e+00 1.650387e+00 8.653895e-01 2.178920e+00 1.408095e+00 5.702459e-01 7.541602e-01 1.715469e+00 3.536739e-01 -2.372663e-01 5.390506e-03 -2.667003e-01 -2.213468e-01 -2.811555e-01 -1.878799e-01 -1.016191e-01 -3.259731e-02 -1.325292e-01 -1.103054e-01 -1.372106e-01 6.292135e-01
<VARIANCE> 25
 6.338810e+01 4.862504e+01 3.806508e+01 2.812122e+01 3.447098e+01 3.983548e+01 3.337187e+01 2.693822e+01 2.506201e+01 2.525531e+01 2.425348e+01 1.992512e+01 7.099736e+00 3.239904e+00 2.586365e+00 2.587199e+00 3.760686e+00 4.182971e+00 3.176428e+00 2.914409e+00 2.654135e+00 2.504518e+00 2.409104e+00 2.151518e+00 3.627554e+00
<GCONST> 1.024589e+02
~h "l1_i"
<BEGINHMM>
<NUMSTATES> 5
<STATE> 2
<MEAN> 25
 3.739558e+00 -1.356446e+00 -5.035396e+00 -3.674830e+00 3.363949e-01 1.437517e+00 -2.596999e+00 -1.879796e+00 -1.630323e+00 -1.541851e+00 -6.270952e-01 -2.449732e+00 3.754670e-01 -3.809155e-01 -5.095520e-01 -5.419904e-01 -4.404048e-02 4.595687e-02 -1.050741e-01 -1.973354e-01 9.026524e-02 -4.118602e-02 -9.040322e-02 -4.162303e-02 5.206498e-01
<VARIANCE> 25
 5.311856e+01 4.336421e+01 5.215609e+01 6.873428e+01 5.337774e+01 6.935453e+01 7.068743e+01 7.075736e+01 4.089202e+01 5.105384e+01 4.593628e+01 3.825957e+01 4.812293e+00 3.850598e+00 4.714350e+00 6.345174e+00 4.924437e+00 6.505486e+00 6.792516e+00 6.775659e+00 4.411000e+00 4.349625e+00 4.172920e+00 4.213773e+00 4.769846e+00
<GCONST> 1.147204e+02
<STATE> 3
<MEAN> 25
 5.654846e+00 -2.910326e+00 -6.414838e+00 -5.280524e+00 -1.294911e+00 6.758798e-01 -1.285041e+00 -1.691556e+00 1.522179e+00 -2.543011e+00 -2.491016e+00 -1.717842e+00 -5.111603e-02 1.043735e-01 1.636510e-01 1.547804e-01 -1.810212e-02 -1.357180e-01 2.128380e-02 5.269396e-03 4.871665e-02 6.283815e-02 -4.203193e-02 -8.789296e-03 -1.517837e-01
<VARIANCE> 25
 1.233696e+01 4.020507e+01 6.018815e+01 6.304870e+01 6.500333e+01 1.025698e+02 7.383888e+01 9.226753e+01 6.009161e+01 5.644089e+01 4.651943e+01 3.807875e+01 5.124034e-01 1.967078e+00 2.288288e+00 2.442514e+00 2.899709e+00 2.990649e+00 2.982808e+00 3.628737e+00 3.148941e+00 2.951153e+00 2.644004e+00 2.173257e+00 7.648106e-01
<GCONST> 1.036153e+02
<STATE> 4
<MEAN> 25
 -1.410221e+00 -4.974592e-02 7.209139e-01 -1.944442e-01 9.173064e-01 -9.666621e-01 -1.237324e+00 -1.024519e+00 8.137885e-01 -8.350912e-01 -7.405505e-02 -5.335462e-01 -3.478855e-01 3.721263e-02 5.446515e-02 9.969975e-02 1.381968e-01 1.778194e-01 8.439189e-02 9.661016e-02 -1.003579e-02 1.825543e-03 1.042028e-01 8.720702e-02 -3.802818e-02
<VARIANCE> 25
 8.931683e+01 4.758029e+01 6.175754e+01 5.180524e+01 4.748121e+01 4.759915e+01 6.244507e+01 6.420532e+01 4.741267e+01 3.335870e+01 3.831751e+01 3.344235e+01 6.408368e+00 3.233141e+00 3.818550e+00 3.671864e+00 3.914156e+00 4.433374e+00 4.907167e+00 4.721528e+00 3.951348e+00 3.380007e+00 3.723557e+00 3.120810e+00 3.224498e+00
<GCONST> 1.107974e+02
<TRANSP> 5
 0.000000e+00 1.000000e+00 0.000000e+00 0.000000e+00 0.000000e+00
 0.000000e+00 9.322535e-01 6.774642e-02 0.000000e+00 0.000000e+00
 0.000000e+00 0.000000e+00 9.718855e-01 2.811445e-02 0.000000e+00
 0.000000e+00 0.000000e+00 0.000000e+00 9.602248e-01 3.977512e-02
 0.000000e+00 0.000000e+00 0.000000e+00 0.000000e+00 0.000000e+00
<ENDHMM>
~h "l1_u"
<BEGINHMM>
<NUMSTATES> 5
<STATE> 2
<MEAN> 25
 -1.170850e+00 1.296869e+00 4.823960e+00 1.019354e+00 -3.144264e+00 -3.428348e+00 -5.626562e-01 -2.657210e+00 -3.212432e+00 -7.722991e-01 2.756787e+00 2.971263e-01 2.667196e-01 -1.085857e-01 -2.886114e-01 -2.383739e-01 -4.314911e-02 -1.381503e-01 -6.620386e-02 -2.631367e-02 -1.428135e-01 -8.999408e-02 -2.087634e-02 -7.467696e-02 3.038245e-01
<VARIANCE> 25
 7.981202e+01 4.348302e+01 8.074142e+01 4.706705e+01 7.319676e+01 5.321504e+01 4.224324e+01 5.874805e+01 5.562163e+01 3.926476e+01 3.810665e+01 4.624771e+01 6.148982e+00 3.106905e+00 7.215704e+00 4.343451e+00 5.108040e+00 5.111953e+00 5.041919e+00 4.463184e+00 5.218956e+00 4.575046e+00 3.661401e+00 3.766252e+00 2.875488e+00
<GCONST> 1.132132e+02
<STATE> 3
<MEAN> 25
 6.339071e+00 -3.280062e+00 -7.657906e+00 -9.792101e-01 4.167472e+00 -2.397138e+00 -3.621530e+00 5.864741e-01 -2.116531e+00 -2.730731e+00 -1.342590e+00 -2.200489e-01 -9.167396e-02 -6.895642e-02 -4.188655e-02 3.839738e-02 5.826473e-02 4.877166e-02 5.725063e-02 -5.008878e-02 1.006057e-01 1.076060e-01 -2.465579e-02 -5.720749e-03 -5.557536e-02
<VARIANCE> 25
 2.479897e+01 3.514436e+01 6.406467e+01 5.467892e+01 6.541967e+01 7.928796e+01 1.032570e+02 7.343333e+01 7.386455e+01 5.579860e+01 5.772864e+01 6.679799e+01 1.888726e+00 2.657218e+00 3.825542e+00 2.979515e+00 3.837513e+00 4.661322e+00 6.149570e+00 5.868846e+00 4.550214e+00 4.013610e+00 3.484049e+00 3.434650e+00 1.559487e+00
<GCONST> 1.112956e+02
<STATE> 4
<MEAN> 25
 2.733460e+00 2.819554e-01 -4.297693e+00 -5.933772e+00 -8.156280e-01 2.433249e+00 9.082376e-01 -4.103166e+00 2.221905e-01 4.600472e-01 -3.031200e-01 -2.840383e+00 -1.825259e-01 1.384395e-01 9.713884e-02 -2.076939e-02 -3.573329e-02 1.190222e-01 5.615864e-02 9.133174e-03 3.734392e-02 6.439065e-02 9.044792e-03 9.725459e-03 -1.166193e-01
<VARIANCE> 25
 5.282944e+01 4.330211e+01 5.309215e+01 7.100212e+01 4.497954e+01 7.561384e+01 4.251692e+01 4.192418e+01 6.197991e+01 3.526840e+01 2.816738e+01 3.685058e+01 2.387268e+00 2.000550e+00 1.967188e+00 2.906765e+00 2.740372e+00 3.576262e+00 2.321660e+00 2.751348e+00 3.306220e+00 2.464306e+00 2.276970e+00 2.048533e+00 7.622822e-01
<GCONST> 1.029796e+02
<TRANSP> 5
 0.000000e+00 1.000000e+00 0.000000e+00 0.000000e+00 0.000000e+00
 0.000000e+00 9.394519e-01 6.054807e-02 0.000000e+00 0.000000e+00
 0.000000e+00 0.000000e+00 9.534998e-01 4.650022e-02 0.000000e+00
 0.000000e+00 0.000000e+00 0.000000e+00 9.630608e-01 3.693921e-02
 0.000000e+00 0.000000e+00 0.000000e+00 0.000000e+00 0.000000e+00
<ENDHMM>
~h "l2_i"
<BEGINHMM>
<NUMSTATES> 5
<STATE> 2
<MEAN> 25
 -2.222254e+00 -2.881708e-01 -1.031229e+00 -1.250485e+00 1.823913e+00 1.902058e+00 5.307531e-01 -2.548481e+00 -5.638934e-02 -8.275988e-01 -2.021261e-02 -1.232520e+00 4.761629e-01 -2.000948e-01 -4.605570e-01 -4.938592e-01 -1.008434e-01 -9.834015e-02 -2.058562e-01 -6.562404e-02 1.594656e-01 -1.843951e-01 -6.676679e-02 -1.362163e-01 6.564689e-01
<VARIANCE> 25
 9.244884e+01 4.385957e+01 6.666718e+01 5.673880e+01 4.661810e+01 7.528082e+01 6.492875e+01 5.376009e+01 4.656141e+01 3.675295e+01 4.169727e+01 3.395956e+01 8.907433e+00 4.225118e+00 5.660618e+00 5.175269e+00 4.277693e+00 7.413685e+00 5.312476e+00 5.456750e+00 5.320438e+00 3.586511e+00 3.835562e+00 3.474901e+00 4.862391e+00
<GCONST> 1.144636e+02
<STATE> 3
<MEAN> 25
 6.865244e+00 -2.285025e+00 -4.691350e+00 -3.347624e+00 -1.084754e+00 6.255782e-01 -1.980742e+00 -2.301551e+00 2.460466e+00 -1.988512e+00 -1.388755e+00 -2.084046e+00 -2.966515e-02 1.601031e-02 1.175690e-01 1.453865e-01 2.736486e-02 -2.770702e-02 1.363594e-02 -3.297638e-02 -1.283150e-02 2.986051e-02 -6.564251e-03 2.486303e-02 -8.320803e-02
<VARIANCE> 25
 1.107298e+01 4.591289e+01 6.352287e+01 5.700267e+01 7.057995e+01 8.492040e+01 5.933825e+01 8.057855e+01 6.375707e+01 4.780502e+01 4.976439e+01 4.078497e+01 5.546191e-01 2.148556e+00 2.512625e+00 2.535574e+00 3.490732e+00 3.625593e+00 3.482677e+00 4.292430e+00 3.744885e+00 3.215361e+00 3.210225e+00 2.603761e+00 1.229498e+00
<GCONST> 1.052695e+02
<STATE> 4
<MEAN> 25
 -1.978685e+00 -1.357835e+00 2.371359e+00 -6.333578e-01 1.820608e+00 2.478115e-01 -1.569087e-01 -2.124243e+00 -3.573759e-01 -1.157279e+00 8.173422e-01 -1.355136e+00 -3.384075e-01 1.290056e-01 3.903180e-02 -5.574079e-03 1.702995e-01 8.890736e-02 9.756811e-02 1.802908e-01 1.350898e-02 1.582053e-02 1.339914e-02 6.032572e-02 -2.741544e-02
<VARIANCE> 25
 1.113602e+02 4.413808e+01 7.315632e+01 8.400939e+01 5.836533e+01 4.893587e+01 6.784378e+01 4.952179e+01 3.854957e+01 3.277798e+01 3.332913e+01 4.066182e+01 6.922809e+00 2.783413e+00 3.890751e+00 3.857359e+00 3.729090e+00 3.534045e+00 4.819165e+00 3.193627e+00 3.225512e+00 2.999206e+00 2.747441e+00 2.683278e+00 2.093689e+00
<GCONST> 1.095863e+02
<TRANSP> 5
 0.000000e+00 1.000000e+00 0.000000e+00 0.000000e+00 0.000000e+00
 0.000000e+00 9.272543e-01 7.274563e-02 0.000000e+00 0.000000e+00
 0.000000e+00 0.000000e+00 9.774352e-01 2.256477e-02 0.000000e+00
 0.000000e+00 0.000000e+00 0.000000e+00 9.552283e-01 4.477164e-02
 0.000000e+00 0.000000e+00 0.000000e+00 0.000000e+00 0.000000e+00
<ENDHMM>
~h "l2_u"
<BEGINHMM>
<NUMSTATES> 5
<STATE> 2
<MEAN> 25
 4.402357e+00 -4.808624e+00 -7.582987e+00 -3.566700e+00 2.681396e+00 1.673452e-02 -3.329337e+00 -1.480120e+00 1.054483e+00 -1.539538e+00 -2.358512e+00 -2.224118e+00 2.458112e-01 -3.235318e-01 -2.762274e-01 -2.339155e-01 -9.955435e-02 -1.301839e-01 -2.424231e-03 8.543514e-02 1.011355e-01 -6.499799e-04 -2.352728e-01 -1.531738e-01 2.605512e-01
<VARIANCE> 25
 3.434584e+01 5.720314e+01 5.865277e+01 4.961190e+01 6.529179e+01 7.700805e+01 8.228890e+01 4.620553e+01 4.688556e+01 7.282465e+01 4.886826e+01 3.324489e+01 2.965709e+00 3.729812e+00 4.890708e+00 3.942160e+00 5.151699e+00 5.124202e+00 5.955375e+00 5.174650e+00 4.358201e+00 4.875150e+00 4.906235e+00 3.036517e+00 2.518091e+00
<GCONST> 1.125456e+02
<STATE> 3
<MEAN> 25
 4.123028e+00 -2.629556e+00 -2.297860e+00 -3.765175e+00 -3.832374e+00 -1.324015e+00 -2.122840e+00 -1.585125e+00 -5.512252e-01 -1.654594e+00 -2.961964e+00 -3.625873e+00 -2.341511e-02 8.402271e-02 8.804221e-02 8.804324e-02 2.138430e-02 -1.664397e-02 2.976063e-02 -7.037028e-02 1.031269e-02 3.429165e-02 5.380019e-02 -1.095079e-02 -1.357839e-01
<VARIANCE> 25
 1.337632e+01 3.601786e+01 6.048333e+01 4.528453e+01 6.781215e+01 6.743027e+01 4.848035e+01 7.338958e+01 6.690967e+01 6.044378e+01 5.244450e+01 3.246871e+01 6.013245e-01 1.647104e+00 2.130756e+00 2.307789e+00 2.780241e+00 3.085195e+00 2.585487e+00 4.063456e+00 3.247847e+00 3.309970e+00 3.124550e+00 2.377735e+00 7.939377e-01
<GCONST> 1.026235e+02
<STATE> 4
<MEAN> 25
 3.946597e-01 8.976716e-01 -2.223165e+00 -2.390849e+00 1.290090e+00 1.203873e+00 4.047445e-01 -1.418348e+00 6.615643e-01 -3.169513e-01 -2.683489e-01 -6.547659e-01 -2.482809e-01 7.854106e-02 3.549572e-02 3.608021e-02 1.143094e-01 1.718678e-01 6.201820e-02 1.146213e-01 1.404202e-02 -5.377663e-03 6.776471e-02 1.084765e-01 -2.709664e-02
<VARIANCE> 25
 8.849460e+01 4.496297e+01 7.176485e+01 9.533308e+01 5.266645e+01 6.371546e+01 9.350266e+01 4.472234e+01 5.291424e+01 3.727332e+01 3.363457e+01 2.707571e+01 5.564465e+00 3.405172e+00 3.835687e+00 4.979215e+00 3.309590e+00 4.626396e+00 5.331121e+00 3.304385e+00 4.005144e+00 3.281682e+00 2.786877e+00 2.450965e+00 1.666908e+00
<GCONST> 1.104215e+02
<TRANSP> 5
 0.000000e+00 1.000000e+00 0.000000e+00 0.000000e+00 0.000000e+00
 0.000000e+00 9.428499e-01 5.715011e-02 0.000000e+00 0.000000e+00
 0.000000e+00 0.000000e+00 9.712917e-01 2.870835e-02 0.000000e+00
 0.000000e+00 0.000000e+00 0.000000e+00 9.635652e-01 3.643475e-02
 0.000000e+00 0.000000e+00 0.000000e+00 0.000000e+00 0.000000e+00
<ENDHMM>
~h "l3_i"
<BEGINHMM>
<NUMSTATES> 5
<STATE> 2
<MEAN> 25
 -2.262429e+00 -2.529877e-02 3.793318e-01 -9.473130e-01 1.162976e+00 -1.264496e+00 -2.607530e+00 -3.201940e+00 -1.411968e-01 -3.534667e-01 6.015944e-01 -1.676102e+00 2.770693e-01 -1.635897e-01 -2.421925e-01 -3.687284e-01 -2.011203e-01 -7.122111e-02 -4.471532e-02 3.137105e-02 1.025404e-02 -1.389382e-01 -9.379564e-02 -1.158614e-01 2.809685e-01
<VARIANCE> 25
 1.077166e+02 4.283854e+01 6.461436e+01 5.135577e+01 4.448031e+01 4.612769e+01 8.211475e+01 4.155609e+01 3.550537e+01 3.826665e+01 4.564335e+01 3.878878e+01 8.723634e+00 3.625057e+00 5.263054e+00 5.058367e+00 4.508431e+00 4.255877e+00 5.755783e+00 4.444082e+00 3.859190e+00 3.603384e+00 3.750953e+00 3.243853e+00 3.116197e+00
<GCONST> 1.121454e+02
<STATE> 3
<MEAN> 25
 5.449995e+00 -1.934468e+00 -6.577881e+00 -6.400349e+00 5.908055e-01 2.103391e+00 -1.297071e+00 -2.258220e+00 -3.020861e-01 -8.764256e-01 -1.996149e-02 -3.147238e+00 -5.177454e-02 3.170488e-03 5.834576e-02 9.266026e-02 2.003190e-02 5.290478e-03 3.900007e-02 1.081823e-01 3.932256e-02 3.631657e-02 -4.540693e-03 2.628361e-02 -8.116784e-02
<VARIANCE> 25
 2.113407e+01 4.909799e+01 4.588869e+01 7.719386e+01 5.908897e+01 8.062496e+01 6.183474e+01 6.369118e+01 4.946692e+01 5.218139e+01 4.171543e+01 3.691318e+01 1.591732e+00 2.908544e+00 3.355509e+00 4.504881e+00 4.268260e+00 5.645211e+00 4.408388e+00 4.105224e+00 4.032862e+00 3.557117e+00 3.268002e+00 3.011004e+00 2.477712e+00
<GCONST> 1.091902e+02
<STATE> 4
<MEAN> 25
 1.469499e+00 8.881118e-01 2.111681e+00 -9.891168e-01 -4.921023e+00 -2.371833e+00 8.985707e-01 -2.681037e-01 -4.706777e-01 1.863258e-01 -1.917648e+00 -1.210284e+00 -5.312533e-02 3.896858e-02 5.872319e-02 5.865723e-02 1.543844e-02 3.760901e-02 6.207420e-02 -1.345749e-02 -1.757614e-03 4.069643e-02 5.989861e-03 -1.522141e-02 -9.731956e-02
<VARIANCE> 25
 2.527242e+01 3.445860e+01 4.172666e+01 3.099158e+01 6.755241e+01 4.046406e+01 6.028598e+01 5.141692e+01 3.905095e+01 4.620475e+01 3.507538e+01 5.341602e+01 1.382573e+00 1.555962e+00 1.878930e+00 1.748622e+00 3.481202e+00 2.648232e+00 3.789343e+00 3.256069e+00 2.591003e+00 2.909130e+00 2.707875e+00 2.242926e+00 9.838582e-01
<GCONST> 1.013643e+02
<TRANSP> 5
 0.000000e+00 1.000000e+00 0.000000e+00 0.000000e+00 0.000000e+00
 0.000000e+00 9.371747e-01 6.282538e-02 0.000000e+00 0.000000e+00
 0.000000e+00 0.000000e+00 9.708527e-01 2.914725e-02 0.000000e+00
 0.000000e+00 0.000000e+00 0.000000e+00 9.703981e-01 2.960196e-02
 0.000000e+00 0.000000e+00 0.000000e+00 0.000000e+00 0.000000e+00
<ENDHMM>
~h "l3_u"
<BEGINHMM>
<NUMSTATES> 5
<STATE> 2
<MEAN> 25
 -5.271385e+00 -4.765958e-01 4.102058e+00 1.297594e+00 -2.014436e-01 -9.862853e-01 7.222186e-01 -3.647158e+00 -1.880056e+00 -1.670723e-01 1.763492e+00 -1.448894e-01 7.167607e-01 -2.817922e-01 -2.608631e-01 -4.136071e-01 -4.277783e-01 -1.337974e-01 -9.943818e-02 -3.130720e-01 -1.068573e-01 -2.355816e-01 -1.057379e-01 -1.567987e-01 6.109161e-01
<VARIANCE> 25
 6.845853e+01 5.397160e+01 5.542380e+01 4.436402e+01 5.142126e+01 4.560027e+01 6.832678e+01 3.775930e+01 4.979805e+01 4.283497e+01 3.425291e+01 6.545186e+01 7.435596e+00 4.106164e+00 4.379198e+00 4.204415e+00 5.841644e+00 4.150960e+00 6.061702e+00 4.449314e+00 5.011450e+00 3.906447e+00 3.200486e+00 4.157073e+00 2.905068e+00
<GCONST> 1.124088e+02
<STATE> 3
<MEAN> 25
 5.600297e+00 -8.757962e-01 -3.261683e+00 -4.013590e+00 -8.866799e-01 5.237869e-01 -2.484897e+00 -3.382800e+00 -1.398946e+00 -1.882355e+00 -6.283678e-01 -2.371264e+00 6.774798e-04 4.428180e-02 1.511159e-02 5.659546e-02 4.920519e-02 3.528313e-02 1.475597e-02 2.151255e-02 2.034717e-03 -5.036340e-03 -6.911252e-04 -5.823388e-03 -1.244105e-01
<VARIANCE> 25
 1.384925e+01 4.191955e+01 6.306495e+01 8.551105e+01 6.669324e+01 8.133559e+01 5.714369e+01 7.203144e+01 7.032747e+01 6.252545e+01 4.172649e+01 4.505694e+01 8.623214e-01 2.441887e+00 3.175744e+00 4.341364e+00 3.505126e+00 4.476423e+00 3.815486e+00 5.234925e+00 4.164199e+00 4.132972e+00 3.235175e+00 2.929625e+00 1.644423e+00
<GCONST> 1.084606e+02
<STATE> 4
<MEAN> 25
 -2.219590e+00 8.150842e-01 -2.090183e+00 -2.109819e+00 8.883245e-01 -1.096113e-01 5.591047e-01 -2.178486e+00 8.801344e-01 1.189857e-01 4.586679e-02 -2.087945e+00 -4.021239e-01 2.116134e-02 6.747295e-02 3.032419e-02 1.284009e-01 1.642803e-02 1.697149e-01 1.167149e-01 7.653596e-02 8.923054e-02 3.645743e-02 5.650095e-02 1.750148e-02
<VARIANCE> 25
 8.432104e+01 4.910020e+01 8.977422e+01 5.073149e+01 5.714984e+01 5.850032e+01 6.109971e+01 5.044122e+01 3.977110e+01 3.913554e+01 3.245613e+01 2.824774e+01 5.768637e+00 3.060809e+00 3.849088e+00 3.461049e+00 4.342309e+00 4.176947e+00 3.550828e+00 3.194489e+00 3.046531e+00 2.949857e+00 2.817615e+00 2.330300e+00 1.898315e+00
<GCONST> 1.085241e+02
<TRANSP> 5
 0.000000e+00 1.000000e+00 0.000000e+00 0.000000e+00 0.000000e+00
 0.000000e+00 8.943462e-01 1.056538e-01 0.000000e+00 0.000000e+00
 0.000000e+00 0.000000e+00 9.759855e-01 2.401450e-02 0.000000e+00
 0.000000e+00 0.000000e+00 0.000000e+00 9.431801e-01 5.681990e-02
 0.000000e+00 0.000000e+00 0.000000e+00 0.000000e+00 0.000000e+00
<ENDHMM>
~h "l4_i"
<BEGINHMM>
<NUMSTATES> 5
<STATE> 2
<MEAN> 25
 5.581742e+00 1.843220e-02 -4.781561e+00 -5.255196e+00 -1.030916e+00 1.354353e+00 -1.356712e+00 -3.655180e+00 -1.097639e+00 -2.109808e+00 -2.411951e+00 -3.007761e+00 3.654512e-01 -3.871268e-01 -3.792415e-01 -3.648651e-01 3.438174e-02 1.212651e-02 -1.546501e-01 9.268621e-02 2.728539e-01 -5.866030e-02 -7.101432e-02 -5.962257e-03 3.917655e-01
<VARIANCE> 25
 2.824216e+01 5.752713e+01 6.404693e+01 6.693800e+01 6.287219e+01 6.948496e+01 7.162023e+01 5.717993e+01 4.922313e+01 5.120015e+01 4.620734e+01 3.553586e+01 2.829809e+00 4.731672e+00 4.885095e+00 5.650748e+00 5.777219e+00 5.376009e+00 6.820076e+00 6.106359e+00 4.881041e+00 4.582036e+00 4.354790e+00 4.072537e+00 3.323435e+00
<GCONST> 1.139005e+02
<STATE> 3
<MEAN> 25
 5.648042e+00 -3.945925e+00 -3.472195e+00 -2.798052e+00 -2.192181e+00 -6.050367e-01 4.717766e-02 1.158909e+00 2.290891e+00 -3.048809e+00 -3.273446e+00 -1.823652e+00 -2.930813e-02 1.158776e-01 1.200078e-01 1.280613e-01 -7.164303e-02 -1.240771e-01 5.248077e-02 2.925451e-02 -8.878010e-02 1.494685e-02 1.958731e-02 8.428808e-03 -1.563371e-01
<VARIANCE> 25
 1.177031e+01 4.706421e+01 5.142001e+01 5.307969e+01 8.469409e+01 7.776192e+01 6.255249e+01 8.524599e+01 6.005943e+01 5.210336e+01 5.024693e+01 3.504438e+01 4.862386e-01 2.180134e+00 2.171424e+00 1.889546e+00 3.344870e+00 2.739442e+00 3.265650e+00 4.038451e+00 3.173974e+00 3.029405e+00 2.688125e+00 2.166018e+00 8.497477e-01
<GCONST> 1.031990e+02
<STATE> 4
<MEAN> 25
 -2.604507e+00 8.906366e-01 8.775820e-01 -2.587041e+00 1.074240e+00 4.784734e-01 3.560073e-01 -1.539088e-01 2.587797e-01 -2.525636e-01 8.496610e-01 -1.472807e+00 -3.819936e-01 8.044347e-02 3.574935e-02 6.548943e-02 2.236337e-01 2.134484e-01 1.915141e-02 2.856891e-03 2.009926e-02 6.425397e-02 8.415163e-02 7.045268e-02 -1.134257e-02
<VARIANCE> 25
 9.495902e+01 4.248682e+01 7.478960e+01 6.619274e+01 5.824634e+01 6.013073e+01 6.610474e+01 4.605725e+01 3.700251e+01 4.060666e+01 3.744775e+01 3.291186e+01 7.162003e+00 2.928883e+00 4.059981e+00 3.774241e+00 4.413458e+00 4.595153e+00 4.376342e+00 3.931275e+00 3.161522e+00 3.333922e+00 3.286719e+00 2.671767e+00 1.862801e+00
<GCONST> 1.101484e+02
<TRANSP> 5
 0.000000e+00 1.000000e+00 0.000000e+00 0.000000e+00 0.000000e+00
 0.000000e+00 9.296008e-01 7.039910e-02 0.000000e+00 0.000000e+00
 0.000000e+00 0.000000e+00 9.732167e-01 2.678335e-02 0.000000e+00
 0.000000e+00 0.000000e+00 0.000000e+00 9.554867e-01 4.451326e-02
 0.000000e+00 0.000000e+00 0.000000e+00 0.000000e+00 0.000000e+00
<ENDHMM>
~h "l4_u"
<BEGINHMM>
<NUMSTATES> 5
<STATE> 2
<MEAN> 25
 4.469257e-01 7.600212e-02 8.721099e-01 -1.539553e-01 -1.382602e+00 -8.282301e-01 -1.147652e+00 -1.027432e+00 -1.056648e+00 2.154738e-01 1.221732e-01 -1.362182e+00 1.850664e-01 -5.747900e-02 -1.733401e-01 -2.884995e-01 -5.186532e-02 7.340604e-02 -4.043359e-02 1.730290e-02 -5.060104e-04 -5.387696e-02 1.069202e-02 -2.169400e-02 1.758546e-01
<VARIANCE> 25
 5.066088e+01 3.948420e+01 6.094806e+01 5.301945e+01 5.968663e+01 6.033153e+01 7.029653e+01 6.519913e+01 4.379815e+01 3.997554e+01 3.781183e+01 3.186721e+01 4.318011e+00 3.472206e+00 3.879964e+00 5.171692e+00 4.268473e+00 5.706557e+00 5.979794e+00 5.875291e+00 4.142884e+00 3.927457e+00 3.706504e+00 3.299850e+00 5.560047e+00
<GCONST> 1.122774e+02
<STATE> 3
<MEAN> 25
 6.329758e+00 -6.053666e-01 -5.463271e+00 -7.818971e+00 5.935693e-01 4.268117e+00 -2.433935e+00 -1.581761e+00 -4.349962e-01 -1.504208e+00 -1.105624e+00 -2.112691e+00 -6.033732e-02 -7.149903e-02 5.468848e-02 1.565656e-01 7.560313e-03 -5.810390e-02 9.260876e-02 2.405892e-02 2.746930e-02 -3.195107e-02 -4.070547e-02 -2.270903e-02 -8.760741e-02
<VARIANCE> 25
 1.414906e+01 4.045669e+01 4.415005e+01 8.323543e+01 9.195573e+01 7.271630e+01 6.362570e+01 6.618680e+01 6.689963e+01 6.171256e+01 4.995292e+01 4.395487e+01 7.179590e-01 2.048908e+00 2.400110e+00 4.297474e+00 3.594215e+00 4.100222e+00 3.644034e+00 3.916891e+00 3.850424e+00 3.920588e+00 3.575516e+00 3.106993e+00 1.291022e+00
<GCONST> 1.071253e+02
<STATE> 4
<MEAN> 25
 -6.478261e-01 -1.193323e-01 2.130815e+00 1.166355e+00 -2.387120e+00 -9.196671e-01 1.581849e+00 4.767465e-01 -2.427234e-01 -1.299973e+00 -1.783381e-01 -9.477609e-01 -5.217618e-01 1.368337e-01 7.682834e-02 1.027932e-01 1.668335e-01 9.842413e-02 8.204009e-02 5.690475e-02 1.298963e-02 9.771169e-02 9.944679e-02 8.133648e-02 -7.735807e-02
<VARIANCE> 25
 5.565131e+01 4.845506e+01 5.553802e+01 4.810042e+01 7.188455e+01 5.936856e+01 4.404123e+01 4.856483e+01 3.751857e+01 4.354388e+01 3.099583e+01 2.885930e+01 5.157503e+00 3.333560e+00 3.995148e+00 3.810622e+00 5.672234e+00 4.731372e+00 4.036265e+00 4.233467e+00 3.468668e+00 3.528665e+00 3.065123e+00 2.232956e+00 2.991302e+00
<GCONST> 1.091781e+02
<TRANSP> 5
 0.000000e+00 1.000000e+00 0.000000e+00 0.000000e+00 0.000000e+00
 0.000000e+00 9.578522e-01 4.214781e-02 0.000000e+00 0.000000e+00
 0.000000e+00 0.000000e+00 9.686309e-01 3.136919e-02 0.000000e+00
 0.000000e+00 0.000000e+00 0.000000e+00 9.447123e-01 5.528776e-02
 0.000000e+00 0.000000e+00 0.000000e+00 0.000000e+00 0.000000e+00
<ENDHMM>
~h "l5_i"
<BEGINHMM>
<NUMSTATES> 5
<STATE> 2
<MEAN> 25
 3.250597e+00 4.332120e-01 -1.016735e+00 -3.580236e+00 -2.365394e+00 -5.370904e-01 -1.695551e+00 -1.925384e+00 -1.409272e+00 -6.215618e-01 -2.091850e-01 -1.164670e+00 2.725804e-01 -2.404241e-01 -2.908843e-01 -3.155684e-01 -1.524902e-02 9.164110e-02 -3.231826e-02 -9.588710e-03 9.033214e-02 -1.475837e-01 -6.424271e-02 2.040176e-02 2.602002e-01
<VARIANCE> 25
 4.260962e+01 5.381110e+01 6.658693e+01 6.927046e+01 5.387809e+01 6.658469e+01 6.020934e+01 5.760118e+01 5.561229e+01 4.414767e+01 6.055534e+01 3.807917e+01 3.474257e+00 4.278938e+00 4.626451e+00 5.641910e+00 3.989120e+00 5.378484e+00 5.023359e+00 4.853922e+00 5.169530e+00 4.460366e+00 4.349732e+00 4.058069e+00 3.609068e+00
<GCONST> 1.135200e+02
<STATE> 3
<MEAN> 25
 6.728605e+00 -2.589741e+00 -7.429516e+00 -7.584777e+00 1.863547e-01 3.607183e+00 -2.115493e-01 -3.004490e+00 2.636892e+00 -1.692064e+00 -2.579193e+00 -2.053777e+00 -3.733127e-02 4.809131e-02 8.014044e-02 1.219392e-01 1.350673e-02 -6.598581e-02 -3.497221e-03 3.530707e-02 6.933010e-02 7.724247e-02 -1.770594e-02 -4.069101e-02 -1.413315e-01
<VARIANCE> 25
 1.136692e+01 4.204926e+01 4.159931e+01 6.724982e+01 6.123647e+01 8.880686e+01 7.325401e+01 7.071250e+01 5.460117e+01 5.281771e+01 5.080984e+01 3.973895e+01 4.295415e-01 1.705834e+00 1.657931e+00 2.498977e+00 2.662995e+00 2.925747e+00 2.812639e+00 3.020134e+00 2.825724e+00 2.497485e+00 2.610865e+00 2.044764e+00 6.738442e-01
<GCONST> 1.013212e+02
<STATE> 4
<MEAN> 25
 1.341148e+00 1.601278e+00 3.269801e+00 -3.593409e-02 -4.338536e+00 -1.424059e+00 -2.370511e-01 -1.649848e+00 -9.686762e-01 2.136442e-01 -1.107534e+00 -2.101019e+00 -3.602923e-01 1.896560e-01 6.951661e-02 1.548330e-01 1.236060e-01 9.736620e-02 1.285158e-01 5.563796e-02 -1.386691e-01 1.332561e-02 9.676813e-02 7.921588e-02 -1.452497e-01
<VARIANCE> 25
 3.133667e+01 4.061745e+01 5.652528e+01 3.393878e+01 8.374121e+01 3.977821e+01 4.399420e+01 6.225685e+01 5.121580e+01 4.597733e+01 3.429856e+01 2.502944e+01 2.591213e+00 2.445366e+00 2.541841e+00 2.241956e+00 4.944528e+00 3.311936e+00 3.439176e+00 3.677773e+00 3.007357e+00 3.159411e+00 2.540470e+00 2.191804e+00 1.263723e+00
<GCONST> 1.043234e+02
<TRANSP> 5
 0.000000e+00 1.000000e+00 0.000000e+00 0.000000e+00 0.000000e+00
 0.000000e+00 9.496946e-01 5.030538e-02 0.000000e+00 0.000000e+00
 0.000000e+00 0.000000e+00 9.724260e-01 2.757398e-02 0.000000e+00
 0.000000e+00 0.000000e+00 0.000000e+00 9.483418e-01 5.165824e-02
 0.000000e+00 0.000000e+00 0.000000e+00 0.000000e+00 0.000000e+00
<ENDHMM>
~h "l5_u"
<BEGINHMM>
<NUMSTATES> 5
<STATE> 2
<MEAN> 25
 2.122535e+00 -5.664304e-01 -5.402033e+00 -5.627650e+00 2.747387e+00 3.692128e+00 8.950457e-02 -2.633685e+00 -7.620074e-01 1.152833e+00 1.871549e-01 -1.827107e+00 3.523165e-01 -2.956700e-01 -4.192934e-01 -3.990555e-01 6.012559e-02 -1.460425e-01 -2.174625e-01 -1.877203e-01 8.366410e-03 -5.901587e-02 -7.827733e-02 -1.795837e-01 5.894870e-01
<VARIANCE> 25
 7.005370e+01 4.772983e+01 4.485085e+01 8.601673e+01 4.242281e+01 4.904573e+01 6.182612e+01 5.073000e+01 3.776523e+01 2.977294e+01 3.652698e+01 3.193307e+01 5.930430e+00 3.840835e+00 4.005178e+00 7.287560e+00 4.645864e+00 5.686551e+00 6.098712e+00 5.316717e+00 3.664702e+00 3.909014e+00 4.212049e+00 3.489426e+00 4.346683e+00
<GCONST> 1.121693e+02
<STATE> 3
<MEAN> 25
 4.690602e+00 -2.657240e+00 -2.309336e+00 -1.182365e+00 -2.233636e+00 -3.968174e+00 -2.936054e+00 -7.627233e-01 -3.708805e-01 -1.850318e+00 -2.688745e+00 -2.302118e+00 -3.740431e-02 9.680218e-02 1.024946e-01 6.961207e-02 -4.429747e-02 1.214444e-03 8.770628e-02 -2.702757e-03 -1.821234e-02 -6.397722e-03 1.271004e-02 6.770755e-02 -7.136741e-02
<VARIANCE> 25
 3.782763e+01 3.899434e+01 7.259908e+01 5.264908e+01 9.525990e+01 8.028213e+01 5.758752e+01 7.023812e+01 8.817571e+01 5.054725e+01 4.860297e+01 4.619847e+01 2.601228e+00 3.345454e+00 4.126960e+00 3.672092e+00 4.650646e+00 4.997046e+00 3.938860e+00 4.576168e+00 5.431144e+00 3.380410e+00 3.963680e+00 3.147195e+00 1.417130e+00
<GCONST> 1.115602e+02
<STATE> 4
<MEAN> 25
 5.486691e+00 2.583304e+00 -4.199093e+00 -7.207149e+00 -1.257865e+00 1.982334e+00 3.235760e-01 -4.783025e+00 -1.783852e+00 -6.139891e-01 -5.233921e-01 -1.493703e+00 -1.522627e-01 4.403529e-02 3.058873e-02 9.033336e-02 8.263771e-02 6.937467e-02 4.127380e-02 1.026675e-01 3.558733e-02 -3.862285e-03 -2.351611e-02 5.415985e-02 -1.180667e-01
<VARIANCE> 25
 2.235152e+01 3.307777e+01 4.538400e+01 1.167296e+02 4.816941e+01 5.015197e+01 6.263601e+01 4.192110e+01 3.684357e+01 3.366920e+01 4.632431e+01 3.056393e+01 1.352341e+00 1.811086e+00 2.321091e+00 4.658976e+00 2.413046e+00 2.919718e+00 3.196935e+00 3.243571e+00 2.658179e+00 2.343101e+00 2.907584e+00 2.225395e+00 1.676925e+00
<GCONST> 1.029505e+02
<TRANSP> 5
 0.000000e+00 1.000000e+00 0.000000e+00 0.000000e+00 0.000000e+00
 0.000000e+00 9.141784e-01 8.582158e-02 0.000000e+00 0.000000e+00
 0.000000e+00 0.000000e+00 9.608582e-01 3.914179e-02 0.000000e+00
 0.000000e+00 0.000000e+00 0.000000e+00 9.668198e-01 3.318024e-02
 0.000000e+00 0.000000e+00 0.000000e+00 0.000000e+00 0.000000e+00
<ENDHMM>
~h "sil"
<BEGINHMM>
<NUMSTATES> 5
<STATE> 2
<MEAN> 25
 -2.909443e+00 -8.147745e-01 4.244713e-01 1.986772e+00 2.404755e+00 2.188053e+00 1.827573e+00 1.534841e+00 4.492763e-01 4.999613e-01 8.011709e-01 1.633710e+00 -7.887851e-02 1.937323e-03 -2.106547e-02 2.112029e-02 4.621724e-02 7.042003e-02 2.735700e-02 4.069421e-03 7.995574e-04 1.660741e-02 4.391223e-02 4.362001e-02 -1.280814e-01
<VARIANCE> 25
 3.146080e+01 2.976659e+01 2.222185e+01 2.244060e+01 3.157151e+01 3.145995e+01 2.521809e+01 3.109740e+01 2.474002e+01 2.550726e+01 2.407688e+01 2.063620e+01 2.906360e-01 4.789236e-01 6.265593e-01 7.837034e-01 1.014981e+00 1.184974e+00 1.297257e+00 1.429044e+00 1.429455e+00 1.388118e+00 1.304054e+00 1.196751e+00 1.664490e-01
<GCONST> 8.267831e+01
<STATE> 3
~s "silst"
<STATE> 4
<MEAN> 25
 3.343175e+00 1.429074e-01 6.498825e-01 -8.559260e-01 -2.346845e+00 -1.911089e+00 -1.103731e+00 -1.114239e+00 -7.341773e-01 -1.631588e-01 -4.369751e-01 -1.026862e+00 -4.781947e-02 7.831543e-02 1.451960e-02 6.949379e-02 3.470319e-02 4.182095e-02 3.662371e-02 2.261527e-02 5.726080e-03 3.033595e-02 8.672439e-03 1.375859e-02 -1.188093e-01
<VARIANCE> 25
 3.329414e+01 4.292259e+01 7.635487e+01 5.381764e+01 6.879855e+01 6.681774e+01 5.763261e+01 5.920393e+01 5.410693e+01 4.278777e+01 4.121642e+01 3.424107e+01 2.668307e+00 2.734312e+00 3.409392e+00 3.285534e+00 4.341475e+00 4.433928e+00 3.919086e+00 4.300858e+00 3.747871e+00 3.221529e+00 3.014960e+00 2.664628e+00 1.925795e+00
<GCONST> 1.085160e+02
<TRANSP> 5
 0.000000e+00 1.000000e+00 0.000000e+00 0.000000e+00 0.000000e+00
 0.000000e+00 8.909717e-01 6.566089e-02 4.336736e-02 0.000000e+00
 0.000000e+00 0.000000e+00 8.731790e-01 1.268211e-01 0.000000e+00
 0.000000e+00 5.814444e-02 0.000000e+00 9.347910e-01 7.064575e-03
 0.000000e+00 0.000000e+00 0.000000e+00 0.000000e+00 0.000000e+00
<ENDHMM>
