~o
<STREAMINFO> 1 25
<VECSIZE> 25<NULLD><MFCC_D_N_Z_0><DIAGC>
~s "silst"
<MEAN> 25
 -5.913208e+00 2.890585e+00 3.060430e-02 3.529557e-01 3.723304e+00 4.554608e-01 -7.342169e-01 2.139018e+00 7.862165e-01 8.840864e-01 7.007183e-01 1.025820e+00 2.976589e-01 -2.391981e-01 -7.553206e-02 -3.340781e-01 -2.899439e-01 -3.175226e-01 -1.628924e-01 -1.015887e-01 7.147242e-02 -2.467714e-01 -1.453325e-01 -1.109183e-01 7.899541e-01
<VARIANCE> 25
 7.681780e+01 3.914090e+01 3.662657e+01 3.070378e+01 3.852937e+01 4.497400e+01 4.008412e+01 3.216098e+01 3.060272e+01 2.745727e+01 2.610394e+01 2.297195e+01 9.132634e+00 3.667502e+00 3.049083e+00 3.074446e+00 5.055784e+00 5.035095e+00 4.001625e+00 3.995580e+00 3.689970e+00 3.068356e+00 3.107618e+00 2.651713e+00 3.410654e+00
<GCONST> 1.062509e+02
~h "l1_i"
<BEGINHMM>
<NUMSTATES> 5
<STATE> 2
<MEAN> 25
 3.917740e+00 -2.489688e+00 -9.233226e+00 -8.549785e+00 5.730529e+00 1.016718e+01 5.653842e-01 -5.330017e+00 2.052850e+00 -1.663128e+00 -1.455792e+00 -1.644106e+00 -3.364778e-02 -7.883722e-03 6.624675e-02 1.330151e-01 8.979668e-02 -9.244587e-02 2.652600e-03 1.332458e-01 2.517048e-02 7.383596e-02 6.910130e-03 4.282358e-02 -1.424501e-01
<VARIANCE> 25
 1.628842e+01 2.957137e+01 2.188464e+01 6.329272e+01 6.137523e+01 3.926484e+01 3.163665e+01 4.117507e+01 4.846283e+01 3.207924e+01 3.599462e+01 3.657093e+01 9.076165e-01 1.280190e+00 1.204161e+00 2.341759e+00 1.964818e+00 3.079542e+00 2.183390e+00 2.208451e+00 2.266962e+00 2.056778e+00 1.911734e+00 2.272307e+00 9.754596e-01
<GCONST> 9.639249e+01
<STATE> 3
<MEAN> 25
 -2.881172e-01 -1.207573e+00 -2.621500e+00 -1.381481e-01 1.322485e+00 -4.532414e-01 -1.458452e+00 1.202828e+00 3.982347e+00 -3.141891e-01 -1.197194e+00 -6.157266e-01 -1.453222e-01 8.978637e-02 2.430056e-01 1.256482e-01 -2.136416e-01 -2.487883e-01 1.109758e-01 4.103875e-02 -1.523000e-01 2.094667e-02 7.750576e-02 2.048211e-01 5.358256e-02
<VARIANCE> 25
 5.650641e+01 6.036533e+01 4.891499e+01 3.164899e+01 4.297788e+01 7.084517e+01 5.011232e+01 3.937270e+01 5.746700e+01 3.880385e+01 4.124555e+01 2.658339e+01 4.542853e+00 4.141097e+00 3.178980e+00 2.480530e+00 4.793484e+00 5.635999e+00 4.954597e+00 4.251034e+00 5.264342e+00 3.342159e+00 4.513134e+00 2.368633e+00 2.156080e+00
<GCONST> 1.090932e+02
<STATE> 4
<MEAN> 25
 2.456194e-01 3.426292e+00 7.313098e+00 9.390864e-01 -7.438643e+00 -2.513020e+00 2.629638e-02 -4.815886e+00 -4.936260e+00 2.287708e+00 1.975605e+00 -6.388906e-01 -6.285584e-02 5.603975e-02 -1.723359e-02 3.144230e-02 1.172076e-01 8.472499e-02 -2.378140e-02 -8.534764e-02 2.811339e-02 6.859086e-03 1.346976e-02 2.348957e-02 -6.055683e-02
<VARIANCE> 25
 2.757121e+01 3.007826e+01 4.768496e+01 4.387112e+01 8.550293e+01 5.130267e+01 2.958347e+01 6.204036e+01 3.647059e+01 3.585364e+01 2.149833e+01 2.820264e+01 1.846571e+00 1.546376e+00 1.635577e+00 1.769153e+00 4.406854e+00 2.334939e+00 1.993682e+00 3.225555e+00 2.301182e+00 2.193612e+00 1.422174e+00 1.643388e+00 8.455343e-01
<GCONST> 9.840211e+01
<TRANSP> 5
 0.000000e+00 1.000000e+00 0.000000e+00 0.000000e+00 0.000000e+00
 0.000000e+00 9.649247e-01 3.507525e-02 0.000000e+00 0.000000e+00
 0.000000e+00 0.000000e+00 9.577737e-01 4.222624e-02 0.000000e+00
 0.000000e+00 0.000000e+00 0.000000e+00 9.566266e-01 4.337341e-02
 0.000000e+00 0.000000e+00 0.000000e+00 0.000000e+00 0.000000e+00
<ENDHMM>
~h "l1_u"
<BEGINHMM>
<NUMSTATES> 5
<STATE> 2
<MEAN> 25
 -4.497206e+00 1.085782e+00 7.437174e-02 2.795816e+00 -2.238903e+00 -5.391006e+00 2.477333e+00 -2.370119e+00 5.341499e-01 -1.816471e-01 2.962157e+00 8.805800e+00 5.111716e-02 -2.505489e-02 -1.184310e-01 -1.852904e-02 2.563204e-01 -1.278364e-01 2.838915e-01 1.773582e-01 2.758576e-01 -7.391566e-02 -3.812502e-01 1.535875e-01 3.760756e-03
<VARIANCE> 25
 1.133555e+01 4.736876e+01 1.909153e+01 1.192832e+01 8.137381e+01 3.272490e+01 9.833173e+01 4.383885e+01 2.740307e+01 3.517771e+01 4.127540e+01 4.139681e+01 1.200629e+00 1.862253e+00 1.419928e+00 1.521101e+00 2.917291e+00 1.897120e+00 5.266591e+00 3.994969e+00 2.526132e+00 3.489643e+00 3.012992e+00 3.381339e+00 3.773264e-01
<GCONST> 9.808672e+01
<STATE> 3
<MEAN> 25
 5.160541e+00 -1.147030e+00 -4.883143e+00 -6.637601e-01 -2.931214e+00 -1.004737e+00 8.520396e-01 -1.598759e+00 3.838898e+00 4.322376e-01 -3.431370e+00 -2.486175e+00 1.474684e-01 1.948157e-02 -9.825408e-02 -4.928451e-02 1.339002e-01 2.231567e-01 -4.392337e-01 -4.488401e-01 -1.621485e-01 -6.570891e-02 2.227251e-01 -3.512977e-01 -1.969550e-01
<VARIANCE> 25
 1.394284e+01 2.991931e+01 1.416860e+01 2.049886e+01 1.304914e+01 5.255642e+01 3.982874e+01 4.328583e+01 5.324307e+01 2.809025e+01 3.581844e+01 6.317535e+01 3.962095e-01 8.616757e-01 6.126353e-01 1.187681e+00 1.119572e+00 2.380137e+00 2.108076e+00 1.460153e+00 2.780092e+00 1.682171e+00 1.874816e+00 1.473841e+00 2.153750e-01
<GCONST> 8.840479e+01
<STATE> 4
<MEAN> 25
 1.132145e+00 5.635825e-01 -9.878337e-01 -8.564606e-01 -5.190314e-01 8.378524e-01 3.625148e-01 -2.827662e+00 -1.313429e+00 9.937538e-01 -1.480298e+00 -2.203701e+00 -1.812158e-02 -2.371842e-02 3.429610e-02 -7.213342e-03 -3.082249e-02 -8.578954e-03 3.422321e-02 7.680894e-02 6.435243e-02 6.326681e-03 -1.399675e-02 1.447058e-02 4.396938e-02
<VARIANCE> 25
 2.681112e+01 2.146430e+01 3.336164e+01 2.170686e+01 1.081013e+02 4.980378e+01 8.171243e+01 4.895316e+01 4.901021e+01 5.014497e+01 3.189856e+01 5.890040e+01 1.244877e+00 9.882587e-01 1.632018e+00 1.949855e+00 4.506734e+00 3.260647e+00 4.551495e+00 3.975283e+00 3.021899e+00 2.777259e+00 2.742082e+00 2.733434e+00 8.545681e-01
<GCONST> 1.020501e+02
<TRANSP> 5
 0.000000e+00 1.000000e+00 0.000000e+00 0.000000e+00 0.000000e+00
 0.000000e+00 9.646866e-01 3.531342e-02 0.000000e+00 0.000000e+00
 0.000000e+00 0.000000e+00 9.635231e-01 3.647694e-02 0.000000e+00
 0.000000e+00 0.000000e+00 0.000000e+00 9.897829e-01 1.021708e-02
 0.000000e+00 0.000000e+00 0.000000e+00 0.000000e+00 0.000000e+00
<ENDHMM>
~h "l2_i"
<BEGINHMM>
<NUMSTATES> 5
<STATE> 2
<MEAN> 25
 3.362105e+00 -3.929489e+00 -1.330675e+00 -4.803519e-01 -2.589942e+00 3.825223e+00 -3.650975e-01 -3.459035e+00 2.458530e+00 8.948643e-01 -2.607662e-01 -1.448771e+00 9.113824e-02 -2.802091e-01 -4.506136e-01 -5.514013e-01 2.547238e-01 6.210535e-01 2.376002e-01 -3.340445e-01 3.611088e-01 -1.186581e-01 -9.255554e-02 -1.093391e-01 5.871577e-01
<VARIANCE> 25
 1.977278e+01 2.159130e+01 3.204728e+01 4.856936e+01 4.766338e+01 6.428627e+01 4.166808e+01 9.013572e+01 4.350989e+01 3.663878e+01 4.604710e+01 3.808612e+01 2.501686e+00 2.311226e+00 3.086507e+00 5.347842e+00 4.848727e+00 5.456734e+00 5.098495e+00 6.692556e+00 4.232297e+00 4.310413e+00 5.331427e+00 3.220245e+00 5.836593e+00
<GCONST> 1.093309e+02
<STATE> 3
<MEAN> 25
 4.989666e+00 -2.127083e+00 -5.197682e+00 -4.138366e+00 2.812309e+00 6.482631e+00 -8.292091e-01 -7.054090e+00 2.778543e+00 -3.052563e+00 -1.142336e+00 -5.672336e+00 -2.466643e-02 2.984412e-01 2.018393e-01 2.253175e-01 -9.769859e-02 -2.048096e-01 -1.810526e-01 5.389279e-03 -1.955684e-01 -1.214237e-01 2.812630e-02 -7.916207e-02 -4.042424e-01
<VARIANCE> 25
 6.647268e+00 2.493061e+01 2.197300e+01 3.304987e+01 3.189966e+01 7.688859e+01 3.621101e+01 4.229702e+01 4.531306e+01 4.807473e+01 3.215128e+01 3.380726e+01 3.920838e-01 1.704394e+00 1.356898e+00 2.112405e+00 2.579402e+00 4.703493e+00 2.221549e+00 3.574153e+00 3.286607e+00 3.977122e+00 2.321458e+00 2.064433e+00 1.511674e+00
<GCONST> 9.723000e+01
<STATE> 4
<MEAN> 25
 8.216702e-01 2.491529e+00 -2.181250e+00 -6.970690e+00 1.655354e-01 8.543606e+00 -7.077020e-01 1.447654e-01 2.632165e+00 -2.002687e+00 1.963933e+00 -1.101461e+00 -3.207961e-01 -1.723180e-02 2.642313e-02 1.121601e-04 1.290452e-01 -2.396490e-01 8.042036e-02 4.139299e-01 5.505147e-02 -9.619983e-02 1.197743e-01 1.651583e-01 1.620359e-01
<VARIANCE> 25
 8.617057e+01 4.615187e+01 2.771986e+01 4.313260e+01 6.183089e+01 6.778907e+01 3.298051e+01 6.537109e+01 3.831428e+01 3.150777e+01 3.966098e+01 2.557782e+01 5.291116e+00 2.646717e+00 2.438777e+00 3.065328e+00 4.316810e+00 4.212231e+00 3.305412e+00 5.028525e+00 4.085625e+00 2.586194e+00 2.502622e+00 2.211568e+00 2.277297e+00
<GCONST> 1.066105e+02
<TRANSP> 5
 0.000000e+00 1.000000e+00 0.000000e+00 0.000000e+00 0.000000e+00
 0.000000e+00 9.338825e-01 6.611753e-02 0.000000e+00 0.000000e+00
 0.000000e+00 0.000000e+00 9.522412e-01 4.775876e-02 0.000000e+00
 0.000000e+00 0.000000e+00 0.000000e+00 9.434615e-01 5.653846e-02
 0.000000e+00 0.000000e+00 0.000000e+00 0.000000e+00 0.000000e+00
<ENDHMM>
~h "l2_u"
<BEGINHMM>
<NUMSTATES> 5
<STATE> 2
<MEAN> 25
 3.927447e+00 -3.799332e+00 -5.585550e+00 4.164059e-01 2.605174e+00 1.883955e-01 -1.491359e+00 -1.949998e+00 1.977990e+00 -3.170611e+00 -5.700392e+00 -1.105506e+00 2.173214e-02 7.927633e-02 -1.982488e-03 -3.703706e-02 -6.385557e-03 2.552118e-01 -8.004591e-02 -1.803134e-01 -1.660038e-01 1.499586e-03 1.340535e-01 -9.118795e-03 -1.337690e-01
<VARIANCE> 25
 7.998542e+00 3.949718e+01 2.513363e+01 2.874344e+01 3.855944e+01 7.075033e+01 1.965400e+01 8.221801e+01 6.585806e+01 1.060537e+02 2.798192e+01 2.412189e+01 3.813325e-01 1.513944e+00 2.020792e+00 1.208956e+00 2.166828e+00 3.272912e+00 1.936838e+00 7.009531e+00 3.497922e+00 4.380977e+00 3.165911e+00 1.878303e+00 5.995908e-01
<GCONST> 9.786208e+01
<STATE> 3
<MEAN> 25
 5.994005e+00 -7.626952e-01 -6.425777e+00 -1.060748e+01 -2.524992e+00 1.107771e+01 3.023065e+00 -8.353304e+00 1.513838e+00 -1.172466e+00 -5.737989e-01 -3.041808e-01 -1.224144e-01 1.214194e-01 6.333038e-03 1.159919e-01 8.638392e-02 -8.172175e-02 2.954572e-02 1.888263e-01 -4.206934e-02 1.171483e-01 8.605319e-02 5.557730e-02 -3.600987e-01
<VARIANCE> 25
 6.173617e+00 3.382962e+01 3.244904e+01 5.823250e+01 5.381016e+01 5.573421e+01 6.445187e+01 4.073399e+01 5.577823e+01 4.866220e+01 4.726938e+01 2.870495e+01 4.643171e-01 1.635846e+00 1.026789e+00 3.487412e+00 1.929519e+00 3.800004e+00 2.615467e+00 2.332431e+00 3.344709e+00 1.535676e+00 2.561402e+00 1.621340e+00 1.074223e+00
<GCONST> 9.776386e+01
<STATE> 4
<MEAN> 25
 -9.561493e-01 2.665123e-02 -2.902267e+00 5.501837e-02 2.940749e+00 2.793210e+00 -2.968732e+00 -3.739141e-01 2.651905e+00 4.374543e-01 -4.758354e-01 3.841350e-01 -2.627980e-01 5.492027e-02 5.311965e-02 -2.828817e-02 1.505985e-01 -7.058300e-02 1.135076e-01 1.658293e-01 -3.811333e-02 4.390654e-02 1.148793e-01 7.560610e-02 8.219036e-02
<VARIANCE> 25
 1.101802e+02 4.370356e+01 5.156171e+01 3.785565e+01 4.098615e+01 4.249955e+01 1.085653e+02 5.250402e+01 5.456139e+01 2.616466e+01 2.563656e+01 2.650028e+01 7.927154e+00 3.586677e+00 3.636925e+00 3.842839e+00 2.839704e+00 4.357906e+00 7.266625e+00 2.839417e+00 4.835667e+00 2.066140e+00 1.888718e+00 2.004901e+00 1.451247e+00
<GCONST> 1.074320e+02
<TRANSP> 5
 0.000000e+00 1.000000e+00 0.000000e+00 0.000000e+00 0.000000e+00
 0.000000e+00 9.594091e-01 4.059090e-02 0.000000e+00 0.000000e+00
 0.000000e+00 0.000000e+00 9.447539e-01 5.524617e-02 0.000000e+00
 0.000000e+00 0.000000e+00 0.000000e+00 9.646961e-01 3.530384e-02
 0.000000e+00 0.000000e+00 0.000000e+00 0.000000e+00 0.000000e+00
<ENDHMM>
~h "l3_i"
<BEGINHMM>
<NUMSTATES> 5
<STATE> 2
<MEAN> 25
 -4.748271e+00 -2.668211e+00 -3.330997e+00 -2.228784e+00 3.949809e+00 -1.335862e+00 -1.714671e+00 2.069408e+00 -8.293303e-01 -3.332060e+00 -4.346420e+00 -1.883168e+00 1.352576e-01 -9.942200e-02 -8.927680e-02 -2.467976e-01 6.972398e-02 1.264550e-01 -8.562118e-03 -9.994767e-03 4.238888e-02 -1.129534e-01 -5.764756e-02 -3.631435e-02 2.082564e-01
<VARIANCE> 25
 7.347205e+01 3.120857e+01 3.752776e+01 4.494817e+01 6.956274e+01 6.371370e+01 2.130853e+01 5.429760e+01 5.319829e+01 2.994952e+01 2.958978e+01 2.930365e+01 4.244067e+00 1.590933e+00 2.335189e+00 3.347326e+00 4.036002e+00 3.642210e+00 2.364671e+00 4.003578e+00 3.040901e+00 2.563752e+00 2.899376e+00 2.930458e+00 4.137973e+00
<GCONST> 1.052193e+02
<STATE> 3
<MEAN> 25
 6.206011e+00 -2.336114e+00 -7.060768e+00 -6.313523e+00 1.502503e+00 8.848814e+00 6.113532e-01 -3.839219e+00 4.841534e+00 -1.240689e+00 7.569658e-01 -2.204916e+00 4.967272e-03 1.729594e-01 8.427846e-02 2.126486e-01 -3.348368e-02 -1.099779e-01 2.513408e-02 -3.315463e-02 -1.624056e-01 2.419665e-02 4.905757e-03 -6.302567e-03 -3.267992e-01
<VARIANCE> 25
 9.998134e+00 3.423995e+01 1.306279e+01 5.063076e+01 3.324426e+01 4.571751e+01 4.447747e+01 5.531950e+01 3.909598e+01 4.339156e+01 4.033624e+01 4.283448e+01 4.508114e-01 9.436427e-01 7.514678e-01 1.837594e+00 1.566518e+00 2.681625e+00 2.797803e+00 2.556820e+00 2.151053e+00 2.049184e+00 2.166031e+00 1.802826e+00 6.588633e-01
<GCONST> 9.360171e+01
<STATE> 4
<MEAN> 25
 1.682110e+00 1.260708e+00 2.804976e-01 -1.063070e+00 -2.205059e+00 2.034350e+00 -1.967732e-01 -3.257358e-01 2.884242e+00 1.384916e+00 -1.294963e+00 -3.251066e+00 -1.944746e-01 7.282825e-02 5.130094e-02 1.234967e-01 -2.517918e-02 -3.073617e-02 5.077410e-02 1.142514e-01 6.920891e-02 6.801903e-02 -4.700613e-02 4.442618e-02 -4.192104e-02
<VARIANCE> 25
 5.298597e+01 3.078599e+01 3.413359e+01 2.753546e+01 4.277600e+01 3.237597e+01 5.934267e+01 3.941090e+01 5.226073e+01 3.052271e+01 3.262961e+01 3.961364e+01 5.341064e+00 2.886850e+00 2.618160e+00 3.450744e+00 3.528167e+00 3.783956e+00 4.715297e+00 3.969311e+00 4.906680e+00 3.087317e+00 2.942582e+00 2.615502e+00 3.683756e+00
<GCONST> 1.062398e+02
<TRANSP> 5
 0.000000e+00 1.000000e+00 0.000000e+00 0.000000e+00 0.000000e+00
 0.000000e+00 9.619738e-01 3.802623e-02 0.000000e+00 0.000000e+00
 0.000000e+00 0.000000e+00 9.603596e-01 3.964046e-02 0.000000e+00
 0.000000e+00 0.000000e+00 0.000000e+00 9.656040e-01 3.439604e-02
 0.000000e+00 0.000000e+00 0.000000e+00 0.000000e+00 0.000000e+00
<ENDHMM>
~h "l3_u"
<BEGINHMM>
<NUMSTATES> 5
<STATE> 2
<MEAN> 25
 -5.262826e-01 2.553942e+00 7.865252e+00 1.897753e+00 -7.750977e+00 -4.131629e+00 8.659528e-01 -5.176447e+00 -7.153465e+00 1.832043e+00 -9.628052e-02 -7.819958e-01 -5.343320e-02 -8.240304e-02 -1.140884e-01 2.261165e-02 3.240858e-02 5.947687e-02 1.126922e-01 1.894818e-01 1.686393e-01 -1.710015e-02 5.024298e-02 -7.118478e-02 -3.735118e-02
<VARIANCE> 25
 1.287386e+01 2.344367e+01 3.807124e+01 1.926457e+01 5.174096e+01 3.261861e+01 4.654343e+01 6.306366e+01 4.509389e+01 3.658395e+01 4.514057e+01 6.242174e+01 7.592045e-01 1.809136e+00 1.592045e+00 1.272020e+00 4.377321e+00 2.475051e+00 3.732849e+00 4.634311e+00 3.044540e+00 2.968769e+00 2.341394e+00 2.907682e+00 1.323616e+00
<GCONST> 9.967848e+01
<STATE> 3
<MEAN> 25
 -2.117614e+00 -1.056420e+00 2.016676e+00 1.219767e+00 2.405625e-02 -4.534348e-01 -3.423183e+00 5.862696e-01 1.831101e+00 -1.108310e+00 -1.331125e-01 1.478667e+00 1.182570e-01 -1.439321e-01 -2.649565e-01 -1.368671e-01 7.515038e-02 3.348196e-02 -5.218048e-02 1.015940e-01 2.226650e-01 -3.939055e-02 -3.571445e-02 5.983831e-02 1.211519e-01
<VARIANCE> 25
 1.001483e+02 4.176394e+01 4.246562e+01 2.784070e+01 3.401993e+01 6.027164e+01 6.256024e+01 4.817639e+01 6.073512e+01 3.451290e+01 2.601819e+01 2.251518e+01 7.606053e+00 3.689976e+00 3.018051e+00 2.879603e+00 3.879043e+00 5.175155e+00 5.056116e+00 3.945293e+00 5.594756e+00 3.286555e+00 2.145482e+00 1.987735e+00 1.601538e+00
<GCONST> 1.073409e+02
<STATE> 4
<MEAN> 25
 4.979324e+00 -3.726218e+00 -5.929937e+00 -3.354387e+00 1.982438e+00 1.721007e+00 8.676443e-01 -2.462042e+00 2.508191e+00 -5.265883e-01 -2.413743e+00 -1.298972e+00 3.507868e-02 6.612257e-02 2.213941e-02 -1.416036e-02 8.530647e-02 -1.185528e-02 7.046570e-02 -8.257891e-02 3.669509e-02 6.381119e-02 -1.258167e-02 2.081929e-02 -7.556131e-02
<VARIANCE> 25
 1.222976e+01 2.729331e+01 4.033955e+01 4.789362e+01 4.511320e+01 8.089332e+01 5.955907e+01 9.279047e+01 5.785786e+01 5.041943e+01 3.473524e+01 2.691650e+01 7.309801e-01 1.678976e+00 2.911656e+00 2.614057e+00 2.836459e+00 3.601346e+00 2.454381e+00 4.787682e+00 3.999320e+00 4.183748e+00 2.394317e+00 1.961048e+00 1.187102e+00
<GCONST> 1.025199e+02
<TRANSP> 5
 0.000000e+00 1.000000e+00 0.000000e+00 0.000000e+00 0.000000e+00
 0.000000e+00 9.686396e-01 3.136044e-02 0.000000e+00 0.000000e+00
 0.000000e+00 0.000000e+00 9.621976e-01 3.780237e-02 0.000000e+00
 0.000000e+00 0.000000e+00 0.000000e+00 9.727019e-01 2.729811e-02
 0.000000e+00 0.000000e+00 0.000000e+00 0.000000e+00 0.000000e+00
<ENDHMM>
~h "l4_i"
<BEGINHMM>
<NUMSTATES> 5
<STATE> 2
<MEAN> 25
 1.087969e+00 1.348006e+00 -5.784987e+00 -9.373876e+00 1.073261e+00 8.433488e+00 1.049230e+00 -3.354549e+00 2.055789e+00 6.878014e-01 2.766896e+00 -1.056836e+00 2.512115e-01 -6.996146e-02 -2.887085e-01 -4.009465e-01 2.528743e-01 4.141535e-01 4.218010e-01 -4.525942e-02 2.120251e-01 1.128125e-01 -4.387667e-02 5.929253e-02 2.135179e-01
<VARIANCE> 25
 1.110408e+02 3.812876e+01 2.036385e+01 3.685858e+01 4.274096e+01 4.499681e+01 6.394360e+01 5.445669e+01 6.138983e+01 2.556388e+01 4.320469e+01 2.195908e+01 6.129348e+00 2.672107e+00 1.375068e+00 4.164466e+00 2.307001e+00 4.626010e+00 3.682831e+00 4.542153e+00 3.632731e+00 2.048773e+00 3.341933e+00 2.752345e+00 3.101696e+00
<GCONST> 1.059333e+02
<STATE> 3
<MEAN> 25
 5.084203e+00 -3.427850e+00 -9.650076e+00 -7.933314e+00 4.978843e+00 1.170456e+01 4.312708e+00 -7.163363e+00 7.229175e+00 -1.342254e+00 -1.634418e+00 -2.390092e+00 -5.541499e-02 -2.821770e-01 1.433494e-01 3.797491e-01 -8.256204e-02 -3.180251e-01 -6.874930e-02 3.736345e-01 1.425688e-01 -3.411362e-02 1.267735e-02 -2.235470e-02 -7.058898e-02
<VARIANCE> 25
 4.126448e+00 3.524155e+01 1.967508e+01 6.098970e+01 4.861745e+01 3.564370e+01 2.995074e+01 4.561428e+01 3.601659e+01 3.617095e+01 2.157708e+01 2.688518e+01 1.779228e-01 8.083484e-01 8.804200e-01 9.143233e-01 1.818580e+00 2.063810e+00 1.187240e+00 1.791884e+00 1.247395e+00 1.377361e+00 1.218446e+00 1.545326e+00 2.019322e-01
<GCONST> 8.572502e+01
<STATE> 4
<MEAN> 25
 -7.381623e-01 9.376400e-01 3.962099e+00 -7.537925e-01 -3.448599e+00 1.219037e+00 -7.764770e-01 -2.856477e+00 -1.237837e+00 7.300119e-01 2.684372e+00 1.915748e-01 -2.094024e-01 9.717505e-02 1.980287e-01 3.606384e-02 -3.397547e-02 -2.002412e-01 -1.548585e-01 2.703796e-02 -1.601196e-01 -1.189761e-01 1.372989e-01 8.309381e-02 -1.781551e-01
<VARIANCE> 25
 6.281384e+01 2.426088e+01 3.838702e+01 3.129806e+01 6.071342e+01 6.226424e+01 5.052637e+01 6.601485e+01 4.273922e+01 3.784723e+01 2.836211e+01 2.383693e+01 4.417924e+00 1.635654e+00 2.334159e+00 2.257196e+00 6.282212e+00 4.716548e+00 2.822305e+00 3.885396e+00 3.406835e+00 3.879843e+00 3.350842e+00 2.289404e+00 3.066510e+00
<GCONST> 1.057848e+02
<TRANSP> 5
 0.000000e+00 1.000000e+00 0.000000e+00 0.000000e+00 0.000000e+00
 0.000000e+00 9.420714e-01 5.792856e-02 0.000000e+00 0.000000e+00
 0.000000e+00 0.000000e+00 9.554363e-01 4.456375e-02 0.000000e+00
 0.000000e+00 0.000000e+00 0.000000e+00 9.533983e-01 4.660171e-02
 0.000000e+00 0.000000e+00 0.000000e+00 0.000000e+00 0.000000e+00
<ENDHMM>
~h "l4_u"
<BEGINHMM>
<NUMSTATES> 5
<STATE> 2
<MEAN> 25
 -1.382019e+00 2.022120e+00 5.896369e+00 7.568445e-01 -6.358284e+00 -5.278829e+00 -3.049423e+00 -3.864983e+00 -7.907622e+00 -9.638194e-01 3.013110e-01 -3.157308e+00 -4.436100e-02 -1.549208e-01 -1.389027e-01 -2.000027e-01 1.170874e-02 -4.601412e-02 1.297610e-01 1.298494e-01 6.292217e-02 8.225638e-02 -5.761424e-02 7.333440e-02 1.634454e-01
<VARIANCE> 25
 1.928889e+01 2.858161e+01 2.294340e+01 2.915187e+01 5.796813e+01 4.358582e+01 3.209520e+01 7.851126e+01 5.762800e+01 5.386419e+01 5.236481e+01 4.367611e+01 1.822759e+00 2.398528e+00 2.929839e+00 2.063937e+00 5.889410e+00 4.515871e+00 3.192649e+00 5.942355e+00 6.472185e+00 3.359798e+00 3.553770e+00 4.932404e+00 3.766565e+00
<GCONST> 1.069747e+02
<STATE> 3
<MEAN> 25
 1.213667e+00 2.746173e-01 -3.722897e+00 -7.876301e+00 -3.242738e-01 4.420081e+00 1.257251e+00 -4.865621e+00 8.795833e-01 7.626939e-01 -1.464362e+00 2.006691e-01 -5.739550e-02 -5.112224e-02 -6.592207e-02 -2.017062e-01 6.116930e-02 1.385399e-01 1.318680e-01 9.413234e-02 1.310638e-01 1.454252e-01 -5.488615e-02 -1.917113e-02 9.684820e-02
<VARIANCE> 25
 6.989192e+01 2.385007e+01 1.827552e+01 5.362133e+01 4.588025e+01 7.840722e+01 4.305700e+01 7.156669e+01 3.929581e+01 2.732676e+01 3.734817e+01 2.928080e+01 2.955719e+00 2.098094e+00 2.112926e+00 5.126662e+00 2.822542e+00 4.440260e+00 3.625879e+00 5.152799e+00 4.391690e+00 2.757155e+00 3.531947e+00 3.255708e+00 2.999415e+00
<GCONST> 1.061484e+02
<STATE> 4
<MEAN> 25
 1.601436e-01 -1.209200e+00 -1.212577e+00 2.578656e-01 -4.115619e+00 -4.239521e+00 2.390950e+00 -9.613285e-01 2.207525e-01 3.624136e+00 1.244814e+00 6.724502e+00 -6.925845e-02 1.721006e-02 -4.503126e-02 4.015648e-02 6.765837e-02 7.945832e-03 3.735719e-02 -6.950320e-02 -1.198279e-02 -8.819272e-02 4.373157e-02 -6.412572e-02 -2.111618e-02
<VARIANCE> 25
 2.726055e+01 2.985011e+01 3.755516e+01 2.134133e+01 7.403989e+01 3.109195e+01 6.455243e+01 5.202925e+01 4.156955e+01 7.091743e+01 8.574185e+01 1.043417e+02 1.332579e+00 1.392001e+00 2.174596e+00 1.538215e+00 2.736560e+00 3.035769e+00 4.730649e+00 4.054991e+00 3.062865e+00 4.069284e+00 3.733553e+00 4.134192e+00 6.589026e-01
<GCONST> 1.040225e+02
<TRANSP> 5
 0.000000e+00 1.000000e+00 0.000000e+00 0.000000e+00 0.000000e+00
 0.000000e+00 9.445313e-01 5.546866e-02 0.000000e+00 0.000000e+00
 0.000000e+00 0.000000e+00 9.578357e-01 4.216436e-02 0.000000e+00
 0.000000e+00 0.000000e+00 0.000000e+00 9.626951e-01 3.730489e-02
 0.000000e+00 0.000000e+00 0.000000e+00 0.000000e+00 0.000000e+00
<ENDHMM>
~h "l5_i"
<BEGINHMM>
<NUMSTATES> 5
<STATE> 2
<MEAN> 25
 4.271625e+00 -2.653615e+00 -3.676585e+00 -1.806930e+00 2.118325e+00 3.696827e+00 -1.534840e+00 -6.118475e-01 2.997853e+00 -1.059565e+00 -2.530669e+00 -1.197571e+00 1.015845e-01 -1.375139e-01 -1.132899e-01 -2.154169e-01 1.029201e-01 2.863111e-01 7.885952e-02 -3.718016e-01 5.732312e-02 1.736973e-01 -3.352271e-02 -2.407772e-01 4.560242e-02
<VARIANCE> 25
 2.870606e+01 4.778683e+01 3.580229e+01 4.346397e+01 3.932092e+01 5.803902e+01 5.012729e+01 6.147247e+01 4.408727e+01 4.783300e+01 4.675042e+01 2.987382e+01 2.561455e+00 4.280705e+00 2.877995e+00 4.853364e+00 3.578317e+00 5.686768e+00 4.157585e+00 5.358153e+00 5.025531e+00 4.165444e+00 3.367910e+00 2.753369e+00 2.992922e+00
<GCONST> 1.086952e+02
<STATE> 3
<MEAN> 25
 5.902331e+00 -9.891311e-01 -7.765029e+00 -1.007683e+01 2.077673e+00 1.015451e+01 -2.903881e-01 -1.050303e+01 2.708545e+00 -1.678992e+00 -2.860665e-02 -1.960067e+00 -1.183232e-01 1.278198e-01 1.276818e-01 1.137969e-01 7.894918e-03 -9.840028e-02 1.927735e-03 1.083485e-01 -3.735012e-02 6.450033e-02 8.319646e-03 5.984689e-02 -1.618248e-01
<VARIANCE> 25
 7.304629e+00 4.541977e+01 1.766970e+01 5.363936e+01 3.202529e+01 4.516721e+01 5.043846e+01 6.200323e+01 4.009781e+01 4.522736e+01 4.033869e+01 2.065342e+01 4.403095e-01 1.258084e+00 9.688620e-01 2.578384e+00 2.048735e+00 2.582709e+00 2.518389e+00 2.909404e+00 2.545913e+00 2.138995e+00 1.871243e+00 1.413308e+00 5.612510e-01
<GCONST> 9.423083e+01
<STATE> 4
<MEAN> 25
 1.532152e+00 3.630357e-01 4.565293e+00 -1.458361e+00 -8.993427e+00 -1.806876e+00 -1.645669e+00 -3.557468e+00 -5.459608e-01 3.388161e+00 5.239758e-01 -4.820318e+00 -3.289019e-02 2.930067e-02 1.552297e-01 1.301550e-01 3.765792e-02 -8.582883e-03 -2.305761e-02 1.087151e-01 -6.653264e-02 -6.993141e-02 1.095960e-01 1.164400e-01 -1.816950e-01
<VARIANCE> 25
 1.360209e+01 3.438322e+01 4.292202e+01 3.311829e+01 7.853345e+01 3.696219e+01 2.429580e+01 9.202630e+01 3.229694e+01 4.641939e+01 3.625052e+01 1.950151e+01 4.975757e-01 1.281752e+00 1.201250e+00 1.117943e+00 2.646397e+00 2.633678e+00 2.195933e+00 4.035539e+00 2.360866e+00 2.190368e+00 1.677118e+00 1.875012e+00 6.772611e-01
<GCONST> 9.528111e+01
<TRANSP> 5
 0.000000e+00 1.000000e+00 0.000000e+00 0.000000e+00 0.000000e+00
 0.000000e+00 9.341730e-01 6.582698e-02 0.000000e+00 0.000000e+00
 0.000000e+00 0.000000e+00 9.518381e-01 4.816186e-02 0.000000e+00
 0.000000e+00 0.000000e+00 0.000000e+00 9.421031e-01 5.789683e-02
 0.000000e+00 0.000000e+00 0.000000e+00 0.000000e+00 0.000000e+00
<ENDHMM>
~h "l5_u"
<BEGINHMM>
<NUMSTATES> 5
<STATE> 2
<MEAN> 25
 5.919229e+00 -1.915158e-01 -3.886323e+00 -5.526188e+00 -1.124538e-01 6.124451e+00 2.445280e+00 -2.970550e+00 1.280639e+00 -1.025258e+00 2.746767e+00 4.336278e-01 6.757657e-02 -1.341560e-01 -2.262945e-01 -1.944136e-01 6.373234e-02 7.216520e-02 1.686173e-01 7.859115e-02 2.162065e-01 -5.212770e-02 -2.764952e-01 8.367550e-03 3.429632e-01
<VARIANCE> 25
 2.246146e+01 2.407977e+01 2.265087e+01 7.879411e+01 3.684090e+01 4.103072e+01 3.479478e+01 5.707661e+01 2.572029e+01 1.713747e+01 4.604372e+01 2.058049e+01 2.083251e+00 2.165007e+00 1.854909e+00 7.270215e+00 2.523650e+00 3.019555e+00 3.300549e+00 3.867407e+00 3.305976e+00 2.591414e+00 4.420247e+00 2.274027e+00 2.634206e+00
<GCONST> 1.016942e+02
<STATE> 3
<MEAN> 25
 3.284570e+00 -5.010909e-01 -3.540166e+00 -1.447859e+00 -1.205310e+00 1.993722e+00 -4.375634e-01 -5.009090e+00 8.602846e-01 -1.939436e+00 -4.125787e+00 -1.881065e+00 -3.864530e-02 1.576001e-01 8.308543e-02 1.652158e-01 -1.023101e-01 -5.064486e-02 4.262637e-02 -6.245683e-02 -1.636658e-01 -2.237343e-02 1.497446e-01 -7.813348e-03 -1.928372e-01
<VARIANCE> 25
 1.532345e+01 3.942202e+01 4.062383e+01 2.691778e+01 8.111923e+01 4.852100e+01 5.349786e+01 7.159649e+01 7.563850e+01 3.849670e+01 4.345575e+01 2.777931e+01 8.355949e-01 1.923220e+00 2.614830e+00 2.161303e+00 4.802222e+00 3.665051e+00 5.013608e+00 5.664268e+00 5.062153e+00 3.105737e+00 4.319371e+00 2.688072e+00 9.564663e-01
<GCONST> 1.045320e+02
<STATE> 4
<MEAN> 25
 7.940327e-01 4.743870e-02 -2.328516e+00 -5.322741e-01 1.650003e+00 2.202240e+00 -1.583706e+00 -1.081165e+00 2.356962e+00 8.252839e-01 2.041762e+00 -1.108376e+00 -2.579379e-01 -1.252296e-01 1.733215e-02 -3.552807e-02 1.867670e-02 -6.262148e-02 -1.834726e-02 3.165719e-01 1.324161e-01 6.514114e-02 9.650297e-02 3.439941e-01 1.614594e-01
<VARIANCE> 25
 4.345800e+01 5.672296e+01 3.264587e+01 4.307863e+01 3.709431e+01 6.773512e+01 4.566130e+01 4.156766e+01 4.667043e+01 3.062867e+01 3.128302e+01 2.980730e+01 5.025694e+00 4.222997e+00 3.044701e+00 5.984042e+00 4.406134e+00 5.139813e+00 4.600063e+00 3.815316e+00 3.698919e+00 2.943075e+00 2.637779e+00 3.109580e+00 4.300931e+00
<GCONST> 1.083796e+02
<TRANSP> 5
 0.000000e+00 1.000000e+00 0.000000e+00 0.000000e+00 0.000000e+00
 0.000000e+00 9.548760e-01 4.512401e-02 0.000000e+00 0.000000e+00
 0.000000e+00 0.000000e+00 9.743618e-01 2.563820e-02 0.000000e+00
 0.000000e+00 0.000000e+00 0.000000e+00 9.333402e-01 6.665983e-02
 0.000000e+00 0.000000e+00 0.000000e+00 0.000000e+00 0.000000e+00
<ENDHMM>
~h "sil"
<BEGINHMM>
<NUMSTATES> 5
<STATE> 2
<MEAN> 25
 -9.378273e-01 -2.118372e+00 -1.465664e+00 2.745030e-01 2.456873e+00 9.083741e-01 8.197224e-01 2.458604e+00 6.017355e-01 -3.729974e-01 3.060299e-01 1.591858e+00 -7.065594e-02 3.153917e-02 1.232560e-03 3.094203e-02 2.709549e-03 3.673481e-02 1.483144e-02 1.191811e-02 2.230983e-02 3.875595e-02 7.572871e-02 6.128945e-02 -1.787476e-01
<VARIANCE> 25
 3.765843e+01 3.992156e+01 3.060802e+01 2.615466e+01 4.280173e+01 4.044344e+01 3.661230e+01 5.073421e+01 3.068773e+01 3.938881e+01 3.274236e+01 2.913226e+01 3.559227e-01 6.154094e-01 7.483184e-01 8.651044e-01 1.248580e+00 1.392794e+00 1.545774e+00 1.686870e+00 1.571345e+00 1.563239e+00 1.459121e+00 1.333616e+00 2.292123e-01
<GCONST> 8.853872e+01
<STATE> 3
~s "silst"
<STATE> 4
<MEAN> 25
 3.184916e+00 2.913616e-01 1.685022e+00 3.980028e-01 -3.595370e+00 -1.641888e+00 -2.129629e-01 -2.042737e+00 -1.108853e+00 -1.153020e-01 -4.062490e-01 -1.424186e+00 -8.155078e-02 1.114277e-01 3.571045e-02 1.423906e-01 1.346358e-01 1.356160e-01 6.418338e-02 2.525347e-02 -5.458640e-02 9.828045e-02 1.383287e-02 -2.318621e-05 -2.626135e-01
<VARIANCE> 25
 1.697312e+01 3.511094e+01 5.674662e+01 3.765654e+01 6.613052e+01 5.751647e+01 5.405635e+01 6.940224e+01 5.804256e+01 4.121044e+01 4.136535e+01 3.658403e+01 1.206633e+00 2.531415e+00 2.605894e+00 2.493786e+00 4.541359e+00 3.792644e+00 3.883915e+00 4.975018e+00 4.111538e+00 3.431410e+00 3.037474e+00 2.890090e+00 1.940724e+00
<GCONST> 1.058576e+02
<TRANSP> 5
 0.000000e+00 1.000000e+00 0.000000e+00 0.000000e+00 0.000000e+00
 0.000000e+00 8.522121e-01 8.651903e-02 6.126888e-02 0.000000e+00
 0.000000e+00 0.000000e+00 8.724671e-01 1.275329e-01 0.000000e+00
 0.000000e+00 1.031163e-01 0.000000e+00 8.891779e-01 7.705809e-03
 0.000000e+00 0.000000e+00 0.000000e+00 0.000000e+00 0.000000e+00
<ENDHMM>
