~o
<STREAMINFO> 1 25
<VECSIZE> 25<NULLD><MFCC_D_N_Z_0><DIAGC>
~h "proto"
<BEGINHMM>
<NUMSTATES> 5
<STATE> 2
<MEAN> 25
 -1.651109e-08 -2.268430e-07 1.259320e-08 1.165062e-07 -3.503200e-08 7.789977e-08 -6.306777e-08 1.437152e-07 -9.648429e-08 -8.998416e-08 1.010382e-07 -1.644749e-08 3.964178e-03 4.991033e-03 -2.259726e-03 -8.660138e-04 -1.980516e-03 2.296586e-03 -1.050157e-04 -6.062090e-03 -3.834328e-04 3.311979e-04 1.732379e-04 -2.677502e-03 -2.030911e-03
<VARIANCE> 25
 3.382748e+01 3.628031e+01 4.600648e+01 2.294502e+01 9.100511e+01 4.563913e+01 5.834692e+01 5.632589e+01 3.456791e+01 4.004803e+01 4.066158e+01 4.632240e+01 1.656153e+00 1.407841e+00 1.798202e+00 1.585461e+00 4.502382e+00 2.970210e+00 3.744460e+00 3.177201e+00 2.837936e+00 2.797859e+00 2.639533e+00 2.465156e+00 1.004578e+00
<GCONST> 1.021376e+02
<STATE> 3
<MEAN> 25
 -1.651109e-08 -2.268430e-07 1.259320e-08 1.165062e-07 -3.503200e-08 7.789977e-08 -6.306777e-08 1.437152e-07 -9.648429e-08 -8.998416e-08 1.010382e-07 -1.644749e-08 3.964178e-03 4.991033e-03 -2.259726e-03 -8.660138e-04 -1.980516e-03 2.296586e-03 -1.050157e-04 -6.062090e-03 -3.834328e-04 3.311979e-04 1.732379e-04 -2.677502e-03 -2.030911e-03
<VARIANCE> 25
 3.382748e+01 3.628031e+01 4.600648e+01 2.294502e+01 9.100511e+01 4.563913e+01 5.834692e+01 5.632589e+01 3.456791e+01 4.004803e+01 4.066158e+01 4.632240e+01 1.656153e+00 1.407841e+00 1.798202e+00 1.585461e+00 4.502382e+00 2.970210e+00 3.744460e+00 3.177201e+00 2.837936e+00 2.797859e+00 2.639533e+00 2.465156e+00 1.004578e+00
<GCONST> 1.021376e+02
<STATE> 4
<MEAN> 25
 -1.651109e-08 -2.268430e-07 1.259320e-08 1.165062e-07 -3.503200e-08 7.789977e-08 -6.306777e-08 1.437152e-07 -9.648429e-08 -8.998416e-08 1.010382e-07 -1.644749e-08 3.964178e-03 4.991033e-03 -2.259726e-03 -8.660138e-04 -1.980516e-03 2.296586e-03 -1.050157e-04 -6.062090e-03 -3.834328e-04 3.311979e-04 1.732379e-04 -2.677502e-03 -2.030911e-03
<VARIANCE> 25
 3.382748e+01 3.628031e+01 4.600648e+01 2.294502e+01 9.100511e+01 4.563913e+01 5.834692e+01 5.632589e+01 3.456791e+01 4.004803e+01 4.066158e+01 4.632240e+01 1.656153e+00 1.407841e+00 1.798202e+00 1.585461e+00 4.502382e+00 2.970210e+00 3.744460e+00 3.177201e+00 2.837936e+00 2.797859e+00 2.639533e+00 2.465156e+00 1.004578e+00
<GCONST> 1.021376e+02
<TRANSP> 5
 0.000000e+00 1.000000e+00 0.000000e+00 0.000000e+00 0.000000e+00
 0.000000e+00 6.000000e-01 4.000000e-01 0.000000e+00 0.000000e+00
 0.000000e+00 0.000000e+00 6.000000e-01 4.000000e-01 0.000000e+00
 0.000000e+00 0.000000e+00 0.000000e+00 7.000000e-01 3.000000e-01
 0.000000e+00 0.000000e+00 0.000000e+00 0.000000e+00 0.000000e+00
<ENDHMM>
