~o
<STREAMINFO> 1 25
<VECSIZE> 25<NULLD><MFCC_D_N_Z_0><DIAGC>
~t "T_l1_i"
<TRANSP> 5
 0.000000e+00 1.000000e+00 0.000000e+00 0.000000e+00 0.000000e+00
 0.000000e+00 9.671987e-01 3.280133e-02 0.000000e+00 0.000000e+00
 0.000000e+00 0.000000e+00 9.898894e-01 1.011061e-02 0.000000e+00
 0.000000e+00 0.000000e+00 0.000000e+00 9.828342e-01 1.716579e-02
 0.000000e+00 0.000000e+00 0.000000e+00 0.000000e+00 0.000000e+00
~t "T_l1_u"
<TRANSP> 5
 0.000000e+00 1.000000e+00 0.000000e+00 0.000000e+00 0.000000e+00
 0.000000e+00 9.492133e-01 5.078673e-02 0.000000e+00 0.000000e+00
 0.000000e+00 0.000000e+00 9.472089e-01 5.279114e-02 0.000000e+00
 0.000000e+00 0.000000e+00 0.000000e+00 9.897160e-01 1.028403e-02
 0.000000e+00 0.000000e+00 0.000000e+00 0.000000e+00 0.000000e+00
~t "T_l2_i"
<TRANSP> 5
 0.000000e+00 1.000000e+00 0.000000e+00 0.000000e+00 0.000000e+00
 0.000000e+00 9.382514e-01 6.174862e-02 0.000000e+00 0.000000e+00
 0.000000e+00 0.000000e+00 9.726037e-01 2.739630e-02 0.000000e+00
 0.000000e+00 0.000000e+00 0.000000e+00 9.694167e-01 3.058324e-02
 0.000000e+00 0.000000e+00 0.000000e+00 0.000000e+00 0.000000e+00
~t "T_l2_u"
<TRANSP> 5
 0.000000e+00 1.000000e+00 0.000000e+00 0.000000e+00 0.000000e+00
 0.000000e+00 6.000000e-01 4.000000e-01 0.000000e+00 0.000000e+00
 0.000000e+00 0.000000e+00 6.000000e-01 4.000000e-01 0.000000e+00
 0.000000e+00 0.000000e+00 0.000000e+00 7.000000e-01 3.000000e-01
 0.000000e+00 0.000000e+00 0.000000e+00 0.000000e+00 0.000000e+00
~t "T_l3_i"
<TRANSP> 5
 0.000000e+00 1.000000e+00 0.000000e+00 0.000000e+00 0.000000e+00
 0.000000e+00 6.000000e-01 4.000000e-01 0.000000e+00 0.000000e+00
 0.000000e+00 0.000000e+00 6.000000e-01 4.000000e-01 0.000000e+00
 0.000000e+00 0.000000e+00 0.000000e+00 7.000000e-01 3.000000e-01
 0.000000e+00 0.000000e+00 0.000000e+00 0.000000e+00 0.000000e+00
~t "T_l3_u"
<TRANSP> 5
 0.000000e+00 1.000000e+00 0.000000e+00 0.000000e+00 0.000000e+00
 0.000000e+00 6.000000e-01 4.000000e-01 0.000000e+00 0.000000e+00
 0.000000e+00 0.000000e+00 6.000000e-01 4.000000e-01 0.000000e+00
 0.000000e+00 0.000000e+00 0.000000e+00 7.000000e-01 3.000000e-01
 0.000000e+00 0.000000e+00 0.000000e+00 0.000000e+00 0.000000e+00
~t "T_l4_i"
<TRANSP> 5
 0.000000e+00 1.000000e+00 0.000000e+00 0.000000e+00 0.000000e+00
 0.000000e+00 6.000000e-01 4.000000e-01 0.000000e+00 0.000000e+00
 0.000000e+00 0.000000e+00 6.000000e-01 4.000000e-01 0.000000e+00
 0.000000e+00 0.000000e+00 0.000000e+00 7.000000e-01 3.000000e-01
 0.000000e+00 0.000000e+00 0.000000e+00 0.000000e+00 0.000000e+00
~t "T_l4_u"
<TRANSP> 5
 0.000000e+00 1.000000e+00 0.000000e+00 0.000000e+00 0.000000e+00
 0.000000e+00 9.779691e-01 2.203086e-02 0.000000e+00 0.000000e+00
 0.000000e+00 0.000000e+00 9.826957e-01 1.730431e-02 0.000000e+00
 0.000000e+00 0.000000e+00 0.000000e+00 9.903229e-01 9.677110e-03
 0.000000e+00 0.000000e+00 0.000000e+00 0.000000e+00 0.000000e+00
~t "T_l5_i"
<TRANSP> 5
 0.000000e+00 1.000000e+00 0.000000e+00 0.000000e+00 0.000000e+00
 0.000000e+00 9.110884e-01 8.891165e-02 0.000000e+00 0.000000e+00
 0.000000e+00 0.000000e+00 9.839547e-01 1.604534e-02 0.000000e+00
 0.000000e+00 0.000000e+00 0.000000e+00 9.907119e-01 9.288083e-03
 0.000000e+00 0.000000e+00 0.000000e+00 0.000000e+00 0.000000e+00
~t "T_l5_u"
<TRANSP> 5
 0.000000e+00 1.000000e+00 0.000000e+00 0.000000e+00 0.000000e+00
 0.000000e+00 6.000000e-01 4.000000e-01 0.000000e+00 0.000000e+00
 0.000000e+00 0.000000e+00 6.000000e-01 4.000000e-01 0.000000e+00
 0.000000e+00 0.000000e+00 0.000000e+00 7.000000e-01 3.000000e-01
 0.000000e+00 0.000000e+00 0.000000e+00 0.000000e+00 0.000000e+00
~s "silst"
<MEAN> 25
 7.717299e-01 -4.773461e+00 -4.670169e+00 -2.618518e-01 1.898244e+00 5.506324e-01 3.001630e+00 -6.082467e-02 4.837809e-01 5.403028e-01 -1.509336e+00 4.404377e+00 9.319429e-02 2.749170e-02 8.521164e-02 2.176759e-02 -2.994000e-01 -2.270182e-01 8.839647e-02 -2.293345e-01 -2.270510e-02 3.307200e-02 -1.548751e-01 -6.937965e-02 6.106633e-02
<VARIANCE> 25
 1.620949e+01 2.424342e+01 3.056853e+01 2.776595e+01 1.085840e+02 6.231826e+01 8.592283e+01 4.826180e+01 4.060949e+01 5.213054e+01 4.794245e+01 5.997839e+01 1.081442e+00 1.653591e+00 1.671668e+00 1.782541e+00 5.570004e+00 3.450599e+00 5.677313e+00 3.473607e+00 3.219161e+00 3.289208e+00 2.922310e+00 3.380172e+00 1.338781e+00
<GCONST> 1.039886e+02
~h "l2_i-l2_u+l3_i"
<BEGINHMM>
<NUMSTATES> 5
<STATE> 2
<MEAN> 25
 -1.651109e-08 -2.268430e-07 1.259320e-08 1.165062e-07 -3.503200e-08 7.789977e-08 -6.306777e-08 1.437152e-07 -9.648429e-08 -8.998416e-08 1.010382e-07 -1.644749e-08 3.964178e-03 4.991033e-03 -2.259726e-03 -8.660138e-04 -1.980516e-03 2.296586e-03 -1.050157e-04 -6.062090e-03 -3.834328e-04 3.311979e-04 1.732379e-04 -2.677502e-03 -2.030911e-03
<VARIANCE> 25
 3.382748e+01 3.628031e+01 4.600648e+01 2.294502e+01 9.100511e+01 4.563913e+01 5.834692e+01 5.632589e+01 3.456791e+01 4.004803e+01 4.066158e+01 4.632240e+01 1.656153e+00 1.407841e+00 1.798202e+00 1.585461e+00 4.502382e+00 2.970210e+00 3.744460e+00 3.177201e+00 2.837936e+00 2.797859e+00 2.639533e+00 2.465156e+00 1.004578e+00
<GCONST> 1.021376e+02
<STATE> 3
<MEAN> 25
 -1.651109e-08 -2.268430e-07 1.259320e-08 1.165062e-07 -3.503200e-08 7.789977e-08 -6.306777e-08 1.437152e-07 -9.648429e-08 -8.998416e-08 1.010382e-07 -1.644749e-08 3.964178e-03 4.991033e-03 -2.259726e-03 -8.660138e-04 -1.980516e-03 2.296586e-03 -1.050157e-04 -6.062090e-03 -3.834328e-04 3.311979e-04 1.732379e-04 -2.677502e-03 -2.030911e-03
<VARIANCE> 25
 3.382748e+01 3.628031e+01 4.600648e+01 2.294502e+01 9.100511e+01 4.563913e+01 5.834692e+01 5.632589e+01 3.456791e+01 4.004803e+01 4.066158e+01 4.632240e+01 1.656153e+00 1.407841e+00 1.798202e+00 1.585461e+00 4.502382e+00 2.970210e+00 3.744460e+00 3.177201e+00 2.837936e+00 2.797859e+00 2.639533e+00 2.465156e+00 1.004578e+00
<GCONST> 1.021376e+02
<STATE> 4
<MEAN> 25
 -1.651109e-08 -2.268430e-07 1.259320e-08 1.165062e-07 -3.503200e-08 7.789977e-08 -6.306777e-08 1.437152e-07 -9.648429e-08 -8.998416e-08 1.010382e-07 -1.644749e-08 3.964178e-03 4.991033e-03 -2.259726e-03 -8.660138e-04 -1.980516e-03 2.296586e-03 -1.050157e-04 -6.062090e-03 -3.834328e-04 3.311979e-04 1.732379e-04 -2.677502e-03 -2.030911e-03
<VARIANCE> 25
 3.382748e+01 3.628031e+01 4.600648e+01 2.294502e+01 9.100511e+01 4.563913e+01 5.834692e+01 5.632589e+01 3.456791e+01 4.004803e+01 4.066158e+01 4.632240e+01 1.656153e+00 1.407841e+00 1.798202e+00 1.585461e+00 4.502382e+00 2.970210e+00 3.744460e+00 3.177201e+00 2.837936e+00 2.797859e+00 2.639533e+00 2.465156e+00 1.004578e+00
<GCONST> 1.021376e+02
~t "T_l2_u"
<ENDHMM>
~h "l2_i-l2_u+l3_u"
<BEGINHMM>
<NUMSTATES> 5
<STATE> 2
<MEAN> 25
 -1.651109e-08 -2.268430e-07 1.259320e-08 1.165062e-07 -3.503200e-08 7.789977e-08 -6.306777e-08 1.437152e-07 -9.648429e-08 -8.998416e-08 1.010382e-07 -1.644749e-08 3.964178e-03 4.991033e-03 -2.259726e-03 -8.660138e-04 -1.980516e-03 2.296586e-03 -1.050157e-04 -6.062090e-03 -3.834328e-04 3.311979e-04 1.732379e-04 -2.677502e-03 -2.030911e-03
<VARIANCE> 25
 3.382748e+01 3.628031e+01 4.600648e+01 2.294502e+01 9.100511e+01 4.563913e+01 5.834692e+01 5.632589e+01 3.456791e+01 4.004803e+01 4.066158e+01 4.632240e+01 1.656153e+00 1.407841e+00 1.798202e+00 1.585461e+00 4.502382e+00 2.970210e+00 3.744460e+00 3.177201e+00 2.837936e+00 2.797859e+00 2.639533e+00 2.465156e+00 1.004578e+00
<GCONST> 1.021376e+02
<STATE> 3
<MEAN> 25
 -1.651109e-08 -2.268430e-07 1.259320e-08 1.165062e-07 -3.503200e-08 7.789977e-08 -6.306777e-08 1.437152e-07 -9.648429e-08 -8.998416e-08 1.010382e-07 -1.644749e-08 3.964178e-03 4.991033e-03 -2.259726e-03 -8.660138e-04 -1.980516e-03 2.296586e-03 -1.050157e-04 -6.062090e-03 -3.834328e-04 3.311979e-04 1.732379e-04 -2.677502e-03 -2.030911e-03
<VARIANCE> 25
 3.382748e+01 3.628031e+01 4.600648e+01 2.294502e+01 9.100511e+01 4.563913e+01 5.834692e+01 5.632589e+01 3.456791e+01 4.004803e+01 4.066158e+01 4.632240e+01 1.656153e+00 1.407841e+00 1.798202e+00 1.585461e+00 4.502382e+00 2.970210e+00 3.744460e+00 3.177201e+00 2.837936e+00 2.797859e+00 2.639533e+00 2.465156e+00 1.004578e+00
<GCONST> 1.021376e+02
<STATE> 4
<MEAN> 25
 -1.651109e-08 -2.268430e-07 1.259320e-08 1.165062e-07 -3.503200e-08 7.789977e-08 -6.306777e-08 1.437152e-07 -9.648429e-08 -8.998416e-08 1.010382e-07 -1.644749e-08 3.964178e-03 4.991033e-03 -2.259726e-03 -8.660138e-04 -1.980516e-03 2.296586e-03 -1.050157e-04 -6.062090e-03 -3.834328e-04 3.311979e-04 1.732379e-04 -2.677502e-03 -2.030911e-03
<VARIANCE> 25
 3.382748e+01 3.628031e+01 4.600648e+01 2.294502e+01 9.100511e+01 4.563913e+01 5.834692e+01 5.632589e+01 3.456791e+01 4.004803e+01 4.066158e+01 4.632240e+01 1.656153e+00 1.407841e+00 1.798202e+00 1.585461e+00 4.502382e+00 2.970210e+00 3.744460e+00 3.177201e+00 2.837936e+00 2.797859e+00 2.639533e+00 2.465156e+00 1.004578e+00
<GCONST> 1.021376e+02
~t "T_l2_u"
<ENDHMM>
~h "l1_u+l1_i"
<BEGINHMM>
<NUMSTATES> 5
<STATE> 2
<MEAN> 25
 -4.483163e+00 5.511762e+00 -1.772121e+00 2.505608e+00 -3.477774e+00 -9.237598e+00 2.861272e+00 -4.136135e+00 1.019845e+00 1.156987e+00 3.093266e+00 1.327769e+01 2.878055e-01 -1.647099e-01 -1.313292e-01 -1.454117e-01 -1.091493e-01 -2.666537e-01 9.047094e-01 5.261024e-01 4.108813e-01 -4.469638e-02 -8.396903e-01 3.816357e-01 4.935640e-02
<VARIANCE> 25
 6.960038e+00 2.198713e+01 1.026600e+01 9.079005e+00 2.072176e+01 2.176692e+01 5.796747e+01 2.725755e+01 1.503307e+01 4.153015e+01 4.334066e+01 2.719234e+01 1.300757e+00 2.412802e+00 9.847506e-01 1.138499e+00 2.508869e+00 2.135723e+00 6.813192e+00 2.681577e+00 2.176080e+00 3.679428e+00 3.703751e+00 4.632529e+00 1.311221e-01
<GCONST> 9.123094e+01
<STATE> 3
<MEAN> 25
 3.401252e+00 -3.741785e+00 -4.111728e+00 2.936181e+00 -3.380692e+00 -2.929493e+00 6.580794e+00 1.905868e+00 1.770630e+00 -3.352877e-01 -7.332018e+00 5.114236e+00 4.095756e-01 -7.612990e-02 -2.402155e-01 7.115250e-02 1.205887e-01 1.184736e-01 -1.044758e+00 -4.901446e-01 -2.445282e-01 -1.187477e-01 4.150034e-01 -7.483018e-01 -3.411400e-01
<VARIANCE> 25
 1.305697e+01 9.808546e+00 1.610291e+01 1.188046e+01 1.415935e+01 9.381558e+01 5.689122e+01 5.417340e+01 2.947742e+01 2.189562e+01 4.425009e+01 2.696046e+01 1.619584e-01 1.370088e+00 5.079381e-01 1.132512e+00 1.396768e+00 2.764508e+00 2.774552e+00 2.596895e+00 2.336267e+00 1.672811e+00 2.812961e+00 1.775531e+00 1.162594e-01
<GCONST> 8.691935e+01
<STATE> 4
<MEAN> 25
 3.384683e+00 7.211462e-01 -2.612213e+00 -2.011666e+00 5.083758e-01 1.640980e+00 -1.447808e+00 -3.096884e+00 7.370530e-01 -5.358944e-01 -1.369660e+00 -4.549772e+00 -9.872110e-02 4.845020e-02 4.227751e-02 -4.320376e-02 3.889490e-02 5.905591e-02 6.189893e-03 6.871242e-02 -1.113316e-03 3.795251e-02 2.786288e-02 -6.495057e-02 3.462494e-02
<VARIANCE> 25
 1.791340e+01 1.785456e+01 3.435503e+01 2.141873e+01 9.027904e+01 4.830310e+01 5.667382e+01 3.488111e+01 4.911024e+01 4.078910e+01 2.664217e+01 2.585863e+01 1.002725e+00 6.526554e-01 1.349000e+00 1.547901e+00 3.485375e+00 2.714009e+00 3.544178e+00 2.511184e+00 3.619879e+00 2.316348e+00 2.485723e+00 1.918901e+00 5.056546e-01
<GCONST> 9.617522e+01
~t "T_l1_u"
<ENDHMM>
~h "l1_u-l1_i+l2_i"
<BEGINHMM>
<NUMSTATES> 5
<STATE> 2
<MEAN> 25
 -1.570743e-01 -1.108683e+00 7.728362e+00 -1.244438e+00 -1.043937e+01 -1.910034e+00 4.271117e+00 -3.531532e+00 1.109641e-01 2.688938e+00 6.170418e-01 3.072860e-01 5.536181e-02 1.886529e-01 1.796626e-01 1.334127e-01 -6.529231e-02 -1.628250e-03 -5.484036e-02 -1.680833e-01 -1.816835e-02 -1.703277e-02 1.968426e-01 -9.020742e-03 -1.233794e-01
<VARIANCE> 25
 3.856569e+00 1.473753e+01 3.500763e+01 1.436797e+01 3.482347e+01 1.512898e+01 4.640342e+01 9.019331e+01 2.607058e+01 2.256461e+01 1.034542e+01 1.505509e+01 1.685634e-01 6.744902e-01 1.517388e+00 9.996327e-01 2.906873e+00 1.626206e+00 2.455863e+00 2.608096e+00 2.579719e+00 2.122918e+00 1.143624e+00 1.367248e+00 3.155337e-01
<GCONST> 8.488614e+01
<STATE> 3
<MEAN> 25
 1.693073e+00 -9.833102e-01 1.482151e+00 5.412255e-01 -6.271920e+00 -1.516876e+00 3.690278e+00 3.448711e-01 -2.683953e+00 -5.784311e-01 -2.566078e+00 -1.652732e+00 9.251693e-04 8.879241e-03 -5.961100e-02 -3.968689e-02 5.431429e-02 7.310587e-02 1.353423e-02 1.267710e-01 4.473040e-02 -5.850820e-03 -8.149098e-02 -1.778362e-02 1.090706e-02
<VARIANCE> 25
 1.275795e+01 3.583198e+01 3.120425e+01 1.323296e+01 5.943061e+01 4.637487e+01 5.325901e+01 6.541573e+01 4.113752e+01 3.166681e+01 3.024377e+01 2.030654e+01 1.065298e+00 1.558610e+00 1.616774e+00 1.375511e+00 4.963070e+00 3.744099e+00 4.457816e+00 4.054976e+00 3.497676e+00 2.920581e+00 1.865264e+00 2.211191e+00 9.934362e-01
<GCONST> 9.862247e+01
<STATE> 4
<MEAN> 25
 1.846259e+00 2.788565e+00 -1.604427e-01 -2.561378e+00 9.896503e-01 2.750200e+00 -8.046407e-01 -9.587103e-01 2.419422e+00 6.395653e-01 -5.052896e-02 -3.848920e-01 4.805128e-02 -7.925851e-02 -4.185399e-02 2.449111e-02 9.475035e-02 -1.370343e-02 -1.004144e-01 -8.304534e-03 -7.176577e-02 5.793282e-03 4.570250e-02 2.381631e-02 -8.776857e-02
<VARIANCE> 25
 2.670694e+01 2.366109e+01 5.448090e+01 3.934129e+01 5.981406e+01 7.081483e+01 6.048236e+01 5.198322e+01 3.418758e+01 5.041386e+01 2.980805e+01 2.380014e+01 1.600261e+00 8.637190e-01 2.321079e+00 2.072546e+00 3.529930e+00 3.311695e+00 3.337508e+00 4.234444e+00 2.937103e+00 3.273773e+00 2.197322e+00 2.534137e+00 7.312970e-01
<GCONST> 1.011562e+02
~t "T_l1_i"
<ENDHMM>
~h "l1_u-l1_i+l2_u"
<BEGINHMM>
<NUMSTATES> 5
<STATE> 2
<MEAN> 25
 -1.570743e-01 -1.108683e+00 7.728362e+00 -1.244438e+00 -1.043937e+01 -1.910034e+00 4.271117e+00 -3.531532e+00 1.109641e-01 2.688938e+00 6.170418e-01 3.072860e-01 5.536181e-02 1.886529e-01 1.796626e-01 1.334127e-01 -6.529231e-02 -1.628250e-03 -5.484036e-02 -1.680833e-01 -1.816835e-02 -1.703277e-02 1.968426e-01 -9.020742e-03 -1.233794e-01
<VARIANCE> 25
 3.856569e+00 1.473753e+01 3.500763e+01 1.436797e+01 3.482347e+01 1.512898e+01 4.640342e+01 9.019331e+01 2.607058e+01 2.256461e+01 1.034542e+01 1.505509e+01 1.685634e-01 6.744902e-01 1.517388e+00 9.996327e-01 2.906873e+00 1.626206e+00 2.455863e+00 2.608096e+00 2.579719e+00 2.122918e+00 1.143624e+00 1.367248e+00 3.155337e-01
<GCONST> 8.488614e+01
<STATE> 3
<MEAN> 25
 1.693073e+00 -9.833102e-01 1.482151e+00 5.412255e-01 -6.271920e+00 -1.516876e+00 3.690278e+00 3.448711e-01 -2.683953e+00 -5.784311e-01 -2.566078e+00 -1.652732e+00 9.251693e-04 8.879241e-03 -5.961100e-02 -3.968689e-02 5.431429e-02 7.310587e-02 1.353423e-02 1.267710e-01 4.473040e-02 -5.850820e-03 -8.149098e-02 -1.778362e-02 1.090706e-02
<VARIANCE> 25
 1.275795e+01 3.583198e+01 3.120425e+01 1.323296e+01 5.943061e+01 4.637487e+01 5.325901e+01 6.541573e+01 4.113752e+01 3.166681e+01 3.024377e+01 2.030654e+01 1.065298e+00 1.558610e+00 1.616774e+00 1.375511e+00 4.963070e+00 3.744099e+00 4.457816e+00 4.054976e+00 3.497676e+00 2.920581e+00 1.865264e+00 2.211191e+00 9.934362e-01
<GCONST> 9.862247e+01
<STATE> 4
<MEAN> 25
 1.846259e+00 2.788565e+00 -1.604427e-01 -2.561378e+00 9.896503e-01 2.750200e+00 -8.046407e-01 -9.587103e-01 2.419422e+00 6.395653e-01 -5.052896e-02 -3.848920e-01 4.805128e-02 -7.925851e-02 -4.185399e-02 2.449111e-02 9.475035e-02 -1.370343e-02 -1.004144e-01 -8.304534e-03 -7.176577e-02 5.793282e-03 4.570250e-02 2.381631e-02 -8.776857e-02
<VARIANCE> 25
 2.670694e+01 2.366109e+01 5.448090e+01 3.934129e+01 5.981406e+01 7.081483e+01 6.048236e+01 5.198322e+01 3.418758e+01 5.041386e+01 2.980805e+01 2.380014e+01 1.600261e+00 8.637190e-01 2.321079e+00 2.072546e+00 3.529930e+00 3.311695e+00 3.337508e+00 4.234444e+00 2.937103e+00 3.273773e+00 2.197322e+00 2.534137e+00 7.312970e-01
<GCONST> 1.011562e+02
~t "T_l1_i"
<ENDHMM>
~h "l3_i-l3_u+l4_i"
<BEGINHMM>
<NUMSTATES> 5
<STATE> 2
<MEAN> 25
 -1.651109e-08 -2.268430e-07 1.259320e-08 1.165062e-07 -3.503200e-08 7.789977e-08 -6.306777e-08 1.437152e-07 -9.648429e-08 -8.998416e-08 1.010382e-07 -1.644749e-08 3.964178e-03 4.991033e-03 -2.259726e-03 -8.660138e-04 -1.980516e-03 2.296586e-03 -1.050157e-04 -6.062090e-03 -3.834328e-04 3.311979e-04 1.732379e-04 -2.677502e-03 -2.030911e-03
<VARIANCE> 25
 3.382748e+01 3.628031e+01 4.600648e+01 2.294502e+01 9.100511e+01 4.563913e+01 5.834692e+01 5.632589e+01 3.456791e+01 4.004803e+01 4.066158e+01 4.632240e+01 1.656153e+00 1.407841e+00 1.798202e+00 1.585461e+00 4.502382e+00 2.970210e+00 3.744460e+00 3.177201e+00 2.837936e+00 2.797859e+00 2.639533e+00 2.465156e+00 1.004578e+00
<GCONST> 1.021376e+02
<STATE> 3
<MEAN> 25
 -1.651109e-08 -2.268430e-07 1.259320e-08 1.165062e-07 -3.503200e-08 7.789977e-08 -6.306777e-08 1.437152e-07 -9.648429e-08 -8.998416e-08 1.010382e-07 -1.644749e-08 3.964178e-03 4.991033e-03 -2.259726e-03 -8.660138e-04 -1.980516e-03 2.296586e-03 -1.050157e-04 -6.062090e-03 -3.834328e-04 3.311979e-04 1.732379e-04 -2.677502e-03 -2.030911e-03
<VARIANCE> 25
 3.382748e+01 3.628031e+01 4.600648e+01 2.294502e+01 9.100511e+01 4.563913e+01 5.834692e+01 5.632589e+01 3.456791e+01 4.004803e+01 4.066158e+01 4.632240e+01 1.656153e+00 1.407841e+00 1.798202e+00 1.585461e+00 4.502382e+00 2.970210e+00 3.744460e+00 3.177201e+00 2.837936e+00 2.797859e+00 2.639533e+00 2.465156e+00 1.004578e+00
<GCONST> 1.021376e+02
<STATE> 4
<MEAN> 25
 -1.651109e-08 -2.268430e-07 1.259320e-08 1.165062e-07 -3.503200e-08 7.789977e-08 -6.306777e-08 1.437152e-07 -9.648429e-08 -8.998416e-08 1.010382e-07 -1.644749e-08 3.964178e-03 4.991033e-03 -2.259726e-03 -8.660138e-04 -1.980516e-03 2.296586e-03 -1.050157e-04 -6.062090e-03 -3.834328e-04 3.311979e-04 1.732379e-04 -2.677502e-03 -2.030911e-03
<VARIANCE> 25
 3.382748e+01 3.628031e+01 4.600648e+01 2.294502e+01 9.100511e+01 4.563913e+01 5.834692e+01 5.632589e+01 3.456791e+01 4.004803e+01 4.066158e+01 4.632240e+01 1.656153e+00 1.407841e+00 1.798202e+00 1.585461e+00 4.502382e+00 2.970210e+00 3.744460e+00 3.177201e+00 2.837936e+00 2.797859e+00 2.639533e+00 2.465156e+00 1.004578e+00
<GCONST> 1.021376e+02
~t "T_l3_u"
<ENDHMM>
~h "l3_i-l3_u+l4_u"
<BEGINHMM>
<NUMSTATES> 5
<STATE> 2
<MEAN> 25
 -1.651109e-08 -2.268430e-07 1.259320e-08 1.165062e-07 -3.503200e-08 7.789977e-08 -6.306777e-08 1.437152e-07 -9.648429e-08 -8.998416e-08 1.010382e-07 -1.644749e-08 3.964178e-03 4.991033e-03 -2.259726e-03 -8.660138e-04 -1.980516e-03 2.296586e-03 -1.050157e-04 -6.062090e-03 -3.834328e-04 3.311979e-04 1.732379e-04 -2.677502e-03 -2.030911e-03
<VARIANCE> 25
 3.382748e+01 3.628031e+01 4.600648e+01 2.294502e+01 9.100511e+01 4.563913e+01 5.834692e+01 5.632589e+01 3.456791e+01 4.004803e+01 4.066158e+01 4.632240e+01 1.656153e+00 1.407841e+00 1.798202e+00 1.585461e+00 4.502382e+00 2.970210e+00 3.744460e+00 3.177201e+00 2.837936e+00 2.797859e+00 2.639533e+00 2.465156e+00 1.004578e+00
<GCONST> 1.021376e+02
<STATE> 3
<MEAN> 25
 -1.651109e-08 -2.268430e-07 1.259320e-08 1.165062e-07 -3.503200e-08 7.789977e-08 -6.306777e-08 1.437152e-07 -9.648429e-08 -8.998416e-08 1.010382e-07 -1.644749e-08 3.964178e-03 4.991033e-03 -2.259726e-03 -8.660138e-04 -1.980516e-03 2.296586e-03 -1.050157e-04 -6.062090e-03 -3.834328e-04 3.311979e-04 1.732379e-04 -2.677502e-03 -2.030911e-03
<VARIANCE> 25
 3.382748e+01 3.628031e+01 4.600648e+01 2.294502e+01 9.100511e+01 4.563913e+01 5.834692e+01 5.632589e+01 3.456791e+01 4.004803e+01 4.066158e+01 4.632240e+01 1.656153e+00 1.407841e+00 1.798202e+00 1.585461e+00 4.502382e+00 2.970210e+00 3.744460e+00 3.177201e+00 2.837936e+00 2.797859e+00 2.639533e+00 2.465156e+00 1.004578e+00
<GCONST> 1.021376e+02
<STATE> 4
<MEAN> 25
 -1.651109e-08 -2.268430e-07 1.259320e-08 1.165062e-07 -3.503200e-08 7.789977e-08 -6.306777e-08 1.437152e-07 -9.648429e-08 -8.998416e-08 1.010382e-07 -1.644749e-08 3.964178e-03 4.991033e-03 -2.259726e-03 -8.660138e-04 -1.980516e-03 2.296586e-03 -1.050157e-04 -6.062090e-03 -3.834328e-04 3.311979e-04 1.732379e-04 -2.677502e-03 -2.030911e-03
<VARIANCE> 25
 3.382748e+01 3.628031e+01 4.600648e+01 2.294502e+01 9.100511e+01 4.563913e+01 5.834692e+01 5.632589e+01 3.456791e+01 4.004803e+01 4.066158e+01 4.632240e+01 1.656153e+00 1.407841e+00 1.798202e+00 1.585461e+00 4.502382e+00 2.970210e+00 3.744460e+00 3.177201e+00 2.837936e+00 2.797859e+00 2.639533e+00 2.465156e+00 1.004578e+00
<GCONST> 1.021376e+02
~t "T_l3_u"
<ENDHMM>
~h "l4_u-l4_i+l5_i"
<BEGINHMM>
<NUMSTATES> 5
<STATE> 2
<MEAN> 25
 -1.651109e-08 -2.268430e-07 1.259320e-08 1.165062e-07 -3.503200e-08 7.789977e-08 -6.306777e-08 1.437152e-07 -9.648429e-08 -8.998416e-08 1.010382e-07 -1.644749e-08 3.964178e-03 4.991033e-03 -2.259726e-03 -8.660138e-04 -1.980516e-03 2.296586e-03 -1.050157e-04 -6.062090e-03 -3.834328e-04 3.311979e-04 1.732379e-04 -2.677502e-03 -2.030911e-03
<VARIANCE> 25
 3.382748e+01 3.628031e+01 4.600648e+01 2.294502e+01 9.100511e+01 4.563913e+01 5.834692e+01 5.632589e+01 3.456791e+01 4.004803e+01 4.066158e+01 4.632240e+01 1.656153e+00 1.407841e+00 1.798202e+00 1.585461e+00 4.502382e+00 2.970210e+00 3.744460e+00 3.177201e+00 2.837936e+00 2.797859e+00 2.639533e+00 2.465156e+00 1.004578e+00
<GCONST> 1.021376e+02
<STATE> 3
<MEAN> 25
 -1.651109e-08 -2.268430e-07 1.259320e-08 1.165062e-07 -3.503200e-08 7.789977e-08 -6.306777e-08 1.437152e-07 -9.648429e-08 -8.998416e-08 1.010382e-07 -1.644749e-08 3.964178e-03 4.991033e-03 -2.259726e-03 -8.660138e-04 -1.980516e-03 2.296586e-03 -1.050157e-04 -6.062090e-03 -3.834328e-04 3.311979e-04 1.732379e-04 -2.677502e-03 -2.030911e-03
<VARIANCE> 25
 3.382748e+01 3.628031e+01 4.600648e+01 2.294502e+01 9.100511e+01 4.563913e+01 5.834692e+01 5.632589e+01 3.456791e+01 4.004803e+01 4.066158e+01 4.632240e+01 1.656153e+00 1.407841e+00 1.798202e+00 1.585461e+00 4.502382e+00 2.970210e+00 3.744460e+00 3.177201e+00 2.837936e+00 2.797859e+00 2.639533e+00 2.465156e+00 1.004578e+00
<GCONST> 1.021376e+02
<STATE> 4
<MEAN> 25
 -1.651109e-08 -2.268430e-07 1.259320e-08 1.165062e-07 -3.503200e-08 7.789977e-08 -6.306777e-08 1.437152e-07 -9.648429e-08 -8.998416e-08 1.010382e-07 -1.644749e-08 3.964178e-03 4.991033e-03 -2.259726e-03 -8.660138e-04 -1.980516e-03 2.296586e-03 -1.050157e-04 -6.062090e-03 -3.834328e-04 3.311979e-04 1.732379e-04 -2.677502e-03 -2.030911e-03
<VARIANCE> 25
 3.382748e+01 3.628031e+01 4.600648e+01 2.294502e+01 9.100511e+01 4.563913e+01 5.834692e+01 5.632589e+01 3.456791e+01 4.004803e+01 4.066158e+01 4.632240e+01 1.656153e+00 1.407841e+00 1.798202e+00 1.585461e+00 4.502382e+00 2.970210e+00 3.744460e+00 3.177201e+00 2.837936e+00 2.797859e+00 2.639533e+00 2.465156e+00 1.004578e+00
<GCONST> 1.021376e+02
~t "T_l4_i"
<ENDHMM>
~h "l4_u-l4_i+l5_u"
<BEGINHMM>
<NUMSTATES> 5
<STATE> 2
<MEAN> 25
 -1.651109e-08 -2.268430e-07 1.259320e-08 1.165062e-07 -3.503200e-08 7.789977e-08 -6.306777e-08 1.437152e-07 -9.648429e-08 -8.998416e-08 1.010382e-07 -1.644749e-08 3.964178e-03 4.991033e-03 -2.259726e-03 -8.660138e-04 -1.980516e-03 2.296586e-03 -1.050157e-04 -6.062090e-03 -3.834328e-04 3.311979e-04 1.732379e-04 -2.677502e-03 -2.030911e-03
<VARIANCE> 25
 3.382748e+01 3.628031e+01 4.600648e+01 2.294502e+01 9.100511e+01 4.563913e+01 5.834692e+01 5.632589e+01 3.456791e+01 4.004803e+01 4.066158e+01 4.632240e+01 1.656153e+00 1.407841e+00 1.798202e+00 1.585461e+00 4.502382e+00 2.970210e+00 3.744460e+00 3.177201e+00 2.837936e+00 2.797859e+00 2.639533e+00 2.465156e+00 1.004578e+00
<GCONST> 1.021376e+02
<STATE> 3
<MEAN> 25
 -1.651109e-08 -2.268430e-07 1.259320e-08 1.165062e-07 -3.503200e-08 7.789977e-08 -6.306777e-08 1.437152e-07 -9.648429e-08 -8.998416e-08 1.010382e-07 -1.644749e-08 3.964178e-03 4.991033e-03 -2.259726e-03 -8.660138e-04 -1.980516e-03 2.296586e-03 -1.050157e-04 -6.062090e-03 -3.834328e-04 3.311979e-04 1.732379e-04 -2.677502e-03 -2.030911e-03
<VARIANCE> 25
 3.382748e+01 3.628031e+01 4.600648e+01 2.294502e+01 9.100511e+01 4.563913e+01 5.834692e+01 5.632589e+01 3.456791e+01 4.004803e+01 4.066158e+01 4.632240e+01 1.656153e+00 1.407841e+00 1.798202e+00 1.585461e+00 4.502382e+00 2.970210e+00 3.744460e+00 3.177201e+00 2.837936e+00 2.797859e+00 2.639533e+00 2.465156e+00 1.004578e+00
<GCONST> 1.021376e+02
<STATE> 4
<MEAN> 25
 -1.651109e-08 -2.268430e-07 1.259320e-08 1.165062e-07 -3.503200e-08 7.789977e-08 -6.306777e-08 1.437152e-07 -9.648429e-08 -8.998416e-08 1.010382e-07 -1.644749e-08 3.964178e-03 4.991033e-03 -2.259726e-03 -8.660138e-04 -1.980516e-03 2.296586e-03 -1.050157e-04 -6.062090e-03 -3.834328e-04 3.311979e-04 1.732379e-04 -2.677502e-03 -2.030911e-03
<VARIANCE> 25
 3.382748e+01 3.628031e+01 4.600648e+01 2.294502e+01 9.100511e+01 4.563913e+01 5.834692e+01 5.632589e+01 3.456791e+01 4.004803e+01 4.066158e+01 4.632240e+01 1.656153e+00 1.407841e+00 1.798202e+00 1.585461e+00 4.502382e+00 2.970210e+00 3.744460e+00 3.177201e+00 2.837936e+00 2.797859e+00 2.639533e+00 2.465156e+00 1.004578e+00
<GCONST> 1.021376e+02
~t "T_l4_i"
<ENDHMM>
~h "l1_u-l2_i+l2_u"
<BEGINHMM>
<NUMSTATES> 5
<STATE> 2
<MEAN> 25
 7.631630e-02 -3.958323e+00 -2.040869e+00 2.957315e+00 -1.059457e+00 -3.080939e+00 1.391268e+00 -1.502730e+00 -2.205830e+00 -2.686465e+00 -2.383459e+00 2.724780e+00 6.457713e-03 -4.287264e-01 -3.072421e-01 8.949391e-02 3.034541e-01 4.389412e-01 -1.180168e-01 -3.351617e-02 5.173351e-01 -9.735150e-02 -3.318596e-01 9.703446e-02 1.689392e-01
<VARIANCE> 25
 1.297716e+01 3.167764e+01 3.110114e+01 1.429427e+01 5.488578e+01 3.707223e+01 6.650005e+01 8.954443e+01 5.838882e+01 3.335047e+01 3.720961e+01 2.947214e+01 1.082090e+00 2.103487e+00 1.890162e+00 1.592298e+00 7.243752e+00 4.230704e+00 7.666391e+00 5.253070e+00 8.006045e+00 2.973706e+00 4.941061e+00 3.053543e+00 1.731080e+00
<GCONST> 1.044222e+02
<STATE> 3
<MEAN> 25
 1.847145e+00 -3.249794e+00 -3.536909e+00 1.483637e+00 1.527476e+00 5.050586e-01 1.304359e-01 -7.708180e-01 1.093621e+00 -1.563081e+00 -3.459476e+00 1.720550e-01 -1.117883e-02 2.324067e-01 2.947499e-01 -4.676091e-02 -4.097542e-01 -2.279188e-01 1.624280e-01 -1.235876e-01 -1.506969e-02 1.000721e-01 2.094335e-01 -1.831875e-02 -9.090748e-02
<VARIANCE> 25
 1.177921e+01 2.296049e+01 2.178650e+01 1.111615e+01 6.700401e+01 3.384551e+01 5.913066e+01 4.621454e+01 4.989181e+01 2.664160e+01 2.585403e+01 3.433342e+01 7.549441e-01 1.546997e+00 1.384897e+00 1.174494e+00 6.500152e+00 3.049071e+00 3.816351e+00 4.613723e+00 4.118065e+00 2.573547e+00 2.127678e+00 2.816411e+00 8.237783e-01
<GCONST> 9.711120e+01
<STATE> 4
<MEAN> 25
 -2.902694e+00 4.125269e+00 2.948643e+00 -2.254163e+00 -8.514598e-02 -1.594974e+00 -2.929849e+00 1.516278e+00 -4.355006e-01 1.185662e+00 1.613984e-01 -3.524063e+00 5.505804e-02 9.092037e-03 -3.709976e-03 2.317042e-03 2.457604e-01 1.827538e-01 -1.323602e-01 2.122003e-01 -1.201904e-01 -1.208531e-01 -2.772385e-02 -1.615908e-01 -3.465658e-02
<VARIANCE> 25
 5.506713e+01 2.315254e+01 3.866331e+01 1.698367e+01 6.793847e+01 5.006150e+01 2.660360e+01 3.655987e+01 2.402114e+01 3.175772e+01 3.598291e+01 1.904031e+01 4.939984e+00 2.504117e+00 2.410977e+00 1.296991e+00 5.883169e+00 3.029264e+00 2.671175e+00 2.728670e+00 3.159425e+00 2.552463e+00 2.344599e+00 1.779119e+00 1.096481e+00
<GCONST> 9.989317e+01
~t "T_l2_i"
<ENDHMM>
~h "l3_i-l4_u+l4_i"
<BEGINHMM>
<NUMSTATES> 5
<STATE> 2
<MEAN> 25
 -9.261079e-01 -3.347785e+00 -2.962818e-01 1.196359e+00 -4.851312e+00 -4.183730e+00 2.965565e+00 -1.390729e+00 1.917507e+00 5.889779e+00 5.848207e+00 1.420918e+01 6.760886e-02 -1.241466e-01 -1.973815e-01 -1.676484e-02 8.311886e-02 -6.360291e-02 2.701147e-01 3.379996e-02 9.740625e-03 5.696091e-02 -4.373345e-02 1.954967e-01 2.236850e-02
<VARIANCE> 25
 1.467822e+01 3.452603e+01 4.825476e+01 2.113564e+01 1.080950e+02 2.036764e+01 4.853544e+01 4.791146e+01 3.733419e+01 9.208356e+01 8.031851e+01 6.307966e+01 6.797751e-01 1.313691e+00 2.181194e+00 1.950602e+00 3.460927e+00 1.714078e+00 3.469025e+00 3.094592e+00 2.884727e+00 4.551060e+00 3.337601e+00 3.790449e+00 5.377330e-01
<GCONST> 1.012050e+02
<STATE> 3
<MEAN> 25
 -1.274742e-01 3.079847e-01 -1.122369e+00 1.514932e+00 -4.667967e+00 -5.100514e+00 3.165308e+00 -1.573220e+00 -1.656063e+00 9.143488e-01 -2.365527e+00 2.285551e+00 -6.105836e-03 1.314481e-01 1.162940e-01 1.127114e-02 7.283711e-02 4.576118e-03 -2.438682e-01 -5.094291e-02 5.903736e-02 -4.024686e-02 -5.114809e-02 -3.411450e-01 -4.093022e-02
<VARIANCE> 25
 2.643963e+01 1.793347e+01 2.569885e+01 1.229593e+01 4.397200e+01 3.138054e+01 6.724728e+01 4.651416e+01 4.249308e+01 5.072096e+01 6.766928e+01 6.000875e+01 1.903812e+00 1.596449e+00 2.040381e+00 1.112191e+00 2.577850e+00 3.497816e+00 6.544889e+00 4.644886e+00 3.603181e+00 3.588274e+00 3.856060e+00 3.990881e+00 1.158458e+00
<GCONST> 1.021117e+02
<STATE> 4
<MEAN> 25
 1.950483e+00 1.143506e+00 -1.882440e+00 -1.061197e+00 6.365976e+00 3.505295e+00 -3.959302e+00 -2.313195e+00 8.453221e-01 -2.341838e+00 -1.493963e+00 -5.734547e+00 -4.900445e-02 -4.114567e-02 3.904335e-02 2.606981e-02 2.551371e-02 1.026608e-01 8.683208e-02 4.612537e-02 -1.164845e-02 5.609118e-03 8.467640e-02 -1.809440e-02 1.875392e-02
<VARIANCE> 25
 4.467086e+01 2.301043e+01 5.472229e+01 2.944526e+01 1.021165e+02 5.600653e+01 3.663845e+01 3.451175e+01 3.321091e+01 3.438262e+01 3.251600e+01 2.305168e+01 1.999784e+00 1.260547e+00 2.591520e+00 1.680624e+00 3.932445e+00 3.429832e+00 3.528596e+00 2.739069e+00 3.312468e+00 3.102156e+00 2.949686e+00 2.253844e+00 7.031156e-01
<GCONST> 1.008591e+02
~t "T_l4_u"
<ENDHMM>
~h "l4_u-l5_i+l5_u"
<BEGINHMM>
<NUMSTATES> 5
<STATE> 2
<MEAN> 25
 5.974102e+00 -6.087759e+00 -1.048914e+01 1.980618e+00 9.726292e-01 5.176534e+00 -1.474321e+00 1.515590e+00 5.924411e-01 1.522351e+00 -6.490772e+00 1.397043e+00 -1.586673e-01 -6.426189e-03 2.183372e-01 1.397147e-01 -1.486676e-01 5.261791e-01 1.845674e-01 -4.102888e-01 -1.003620e-01 8.246347e-03 3.877407e-01 2.653355e-01 7.833875e-02
<VARIANCE> 25
 3.231319e+01 1.076464e+01 1.532923e+01 9.756426e+00 5.780586e+01 2.982511e+01 4.385233e+01 7.349325e+01 1.356471e+01 6.079444e+00 1.776947e+01 1.859757e+01 4.540941e-01 5.507392e-01 1.321952e+00 1.469805e+00 5.179994e+00 2.364085e+00 4.025829e+00 3.645492e+00 1.217994e+00 8.500182e-01 8.018558e-01 1.099729e+00 3.246934e-01
<GCONST> 8.580350e+01
<STATE> 3
<MEAN> 25
 -3.039716e+00 2.299057e+00 -8.040439e-01 3.076455e+00 3.875524e+00 9.382794e-01 5.679470e-02 1.690184e+00 1.645964e+00 3.107217e+00 5.674451e+00 6.587577e-01 3.561783e-02 3.316626e-02 2.768539e-02 -4.910956e-02 4.213502e-02 -1.834060e-02 -1.228409e-01 1.076675e-02 2.094498e-02 2.987822e-02 6.766939e-02 3.250575e-02 -1.708092e-01
<VARIANCE> 25
 2.722836e+01 1.306782e+01 2.189170e+01 1.426993e+01 4.217290e+01 1.706264e+01 1.949809e+01 2.615529e+01 1.272344e+01 1.987098e+01 1.437695e+01 1.336074e+01 6.256589e-01 6.215503e-01 8.977537e-01 9.008399e-01 2.006421e+00 1.758400e+00 1.522839e+00 1.667874e+00 1.532162e+00 1.795626e+00 1.412589e+00 1.264037e+00 1.582946e-01
<GCONST> 8.195387e+01
<STATE> 4
<MEAN> 25
 2.113780e+00 9.173542e-01 4.745238e-01 9.751915e-01 -6.061008e+00 -3.025623e+00 2.149594e+00 -3.197974e+00 -6.307522e-01 -3.323362e+00 -4.466735e+00 -3.847673e-01 4.735140e-02 -5.145328e-02 -5.917630e-02 -5.712286e-02 3.583957e-02 -3.513068e-02 7.180761e-02 -3.263171e-02 -4.004400e-02 -3.762771e-02 -1.474225e-01 2.495771e-03 1.021371e-01
<VARIANCE> 25
 2.547978e+01 5.215301e+01 5.626213e+01 2.694498e+01 1.016551e+02 2.598749e+01 6.232259e+01 3.412046e+01 2.956683e+01 4.221884e+01 3.560817e+01 3.277712e+01 1.260279e+00 2.377274e+00 1.926226e+00 2.016608e+00 7.023239e+00 2.401236e+00 4.790102e+00 2.946041e+00 2.560842e+00 3.038152e+00 2.810868e+00 3.196926e+00 2.524883e+00
<GCONST> 1.032960e+02
~t "T_l5_i"
<ENDHMM>
~h "l1_i-l2_u+l2_i"
<BEGINHMM>
<NUMSTATES> 5
<STATE> 2
<MEAN> 25
 -1.651109e-08 -2.268430e-07 1.259320e-08 1.165062e-07 -3.503200e-08 7.789977e-08 -6.306777e-08 1.437152e-07 -9.648429e-08 -8.998416e-08 1.010382e-07 -1.644749e-08 3.964178e-03 4.991033e-03 -2.259726e-03 -8.660138e-04 -1.980516e-03 2.296586e-03 -1.050157e-04 -6.062090e-03 -3.834328e-04 3.311979e-04 1.732379e-04 -2.677502e-03 -2.030911e-03
<VARIANCE> 25
 3.382748e+01 3.628031e+01 4.600648e+01 2.294502e+01 9.100511e+01 4.563913e+01 5.834692e+01 5.632589e+01 3.456791e+01 4.004803e+01 4.066158e+01 4.632240e+01 1.656153e+00 1.407841e+00 1.798202e+00 1.585461e+00 4.502382e+00 2.970210e+00 3.744460e+00 3.177201e+00 2.837936e+00 2.797859e+00 2.639533e+00 2.465156e+00 1.004578e+00
<GCONST> 1.021376e+02
<STATE> 3
<MEAN> 25
 -1.651109e-08 -2.268430e-07 1.259320e-08 1.165062e-07 -3.503200e-08 7.789977e-08 -6.306777e-08 1.437152e-07 -9.648429e-08 -8.998416e-08 1.010382e-07 -1.644749e-08 3.964178e-03 4.991033e-03 -2.259726e-03 -8.660138e-04 -1.980516e-03 2.296586e-03 -1.050157e-04 -6.062090e-03 -3.834328e-04 3.311979e-04 1.732379e-04 -2.677502e-03 -2.030911e-03
<VARIANCE> 25
 3.382748e+01 3.628031e+01 4.600648e+01 2.294502e+01 9.100511e+01 4.563913e+01 5.834692e+01 5.632589e+01 3.456791e+01 4.004803e+01 4.066158e+01 4.632240e+01 1.656153e+00 1.407841e+00 1.798202e+00 1.585461e+00 4.502382e+00 2.970210e+00 3.744460e+00 3.177201e+00 2.837936e+00 2.797859e+00 2.639533e+00 2.465156e+00 1.004578e+00
<GCONST> 1.021376e+02
<STATE> 4
<MEAN> 25
 -1.651109e-08 -2.268430e-07 1.259320e-08 1.165062e-07 -3.503200e-08 7.789977e-08 -6.306777e-08 1.437152e-07 -9.648429e-08 -8.998416e-08 1.010382e-07 -1.644749e-08 3.964178e-03 4.991033e-03 -2.259726e-03 -8.660138e-04 -1.980516e-03 2.296586e-03 -1.050157e-04 -6.062090e-03 -3.834328e-04 3.311979e-04 1.732379e-04 -2.677502e-03 -2.030911e-03
<VARIANCE> 25
 3.382748e+01 3.628031e+01 4.600648e+01 2.294502e+01 9.100511e+01 4.563913e+01 5.834692e+01 5.632589e+01 3.456791e+01 4.004803e+01 4.066158e+01 4.632240e+01 1.656153e+00 1.407841e+00 1.798202e+00 1.585461e+00 4.502382e+00 2.970210e+00 3.744460e+00 3.177201e+00 2.837936e+00 2.797859e+00 2.639533e+00 2.465156e+00 1.004578e+00
<GCONST> 1.021376e+02
~t "T_l2_u"
<ENDHMM>
~h "l2_u-l3_i+l3_u"
<BEGINHMM>
<NUMSTATES> 5
<STATE> 2
<MEAN> 25
 -1.651109e-08 -2.268430e-07 1.259320e-08 1.165062e-07 -3.503200e-08 7.789977e-08 -6.306777e-08 1.437152e-07 -9.648429e-08 -8.998416e-08 1.010382e-07 -1.644749e-08 3.964178e-03 4.991033e-03 -2.259726e-03 -8.660138e-04 -1.980516e-03 2.296586e-03 -1.050157e-04 -6.062090e-03 -3.834328e-04 3.311979e-04 1.732379e-04 -2.677502e-03 -2.030911e-03
<VARIANCE> 25
 3.382748e+01 3.628031e+01 4.600648e+01 2.294502e+01 9.100511e+01 4.563913e+01 5.834692e+01 5.632589e+01 3.456791e+01 4.004803e+01 4.066158e+01 4.632240e+01 1.656153e+00 1.407841e+00 1.798202e+00 1.585461e+00 4.502382e+00 2.970210e+00 3.744460e+00 3.177201e+00 2.837936e+00 2.797859e+00 2.639533e+00 2.465156e+00 1.004578e+00
<GCONST> 1.021376e+02
<STATE> 3
<MEAN> 25
 -1.651109e-08 -2.268430e-07 1.259320e-08 1.165062e-07 -3.503200e-08 7.789977e-08 -6.306777e-08 1.437152e-07 -9.648429e-08 -8.998416e-08 1.010382e-07 -1.644749e-08 3.964178e-03 4.991033e-03 -2.259726e-03 -8.660138e-04 -1.980516e-03 2.296586e-03 -1.050157e-04 -6.062090e-03 -3.834328e-04 3.311979e-04 1.732379e-04 -2.677502e-03 -2.030911e-03
<VARIANCE> 25
 3.382748e+01 3.628031e+01 4.600648e+01 2.294502e+01 9.100511e+01 4.563913e+01 5.834692e+01 5.632589e+01 3.456791e+01 4.004803e+01 4.066158e+01 4.632240e+01 1.656153e+00 1.407841e+00 1.798202e+00 1.585461e+00 4.502382e+00 2.970210e+00 3.744460e+00 3.177201e+00 2.837936e+00 2.797859e+00 2.639533e+00 2.465156e+00 1.004578e+00
<GCONST> 1.021376e+02
<STATE> 4
<MEAN> 25
 -1.651109e-08 -2.268430e-07 1.259320e-08 1.165062e-07 -3.503200e-08 7.789977e-08 -6.306777e-08 1.437152e-07 -9.648429e-08 -8.998416e-08 1.010382e-07 -1.644749e-08 3.964178e-03 4.991033e-03 -2.259726e-03 -8.660138e-04 -1.980516e-03 2.296586e-03 -1.050157e-04 -6.062090e-03 -3.834328e-04 3.311979e-04 1.732379e-04 -2.677502e-03 -2.030911e-03
<VARIANCE> 25
 3.382748e+01 3.628031e+01 4.600648e+01 2.294502e+01 9.100511e+01 4.563913e+01 5.834692e+01 5.632589e+01 3.456791e+01 4.004803e+01 4.066158e+01 4.632240e+01 1.656153e+00 1.407841e+00 1.798202e+00 1.585461e+00 4.502382e+00 2.970210e+00 3.744460e+00 3.177201e+00 2.837936e+00 2.797859e+00 2.639533e+00 2.465156e+00 1.004578e+00
<GCONST> 1.021376e+02
~t "T_l3_i"
<ENDHMM>
~h "l4_i-l5_u+l5_i"
<BEGINHMM>
<NUMSTATES> 5
<STATE> 2
<MEAN> 25
 -1.651109e-08 -2.268430e-07 1.259320e-08 1.165062e-07 -3.503200e-08 7.789977e-08 -6.306777e-08 1.437152e-07 -9.648429e-08 -8.998416e-08 1.010382e-07 -1.644749e-08 3.964178e-03 4.991033e-03 -2.259726e-03 -8.660138e-04 -1.980516e-03 2.296586e-03 -1.050157e-04 -6.062090e-03 -3.834328e-04 3.311979e-04 1.732379e-04 -2.677502e-03 -2.030911e-03
<VARIANCE> 25
 3.382748e+01 3.628031e+01 4.600648e+01 2.294502e+01 9.100511e+01 4.563913e+01 5.834692e+01 5.632589e+01 3.456791e+01 4.004803e+01 4.066158e+01 4.632240e+01 1.656153e+00 1.407841e+00 1.798202e+00 1.585461e+00 4.502382e+00 2.970210e+00 3.744460e+00 3.177201e+00 2.837936e+00 2.797859e+00 2.639533e+00 2.465156e+00 1.004578e+00
<GCONST> 1.021376e+02
<STATE> 3
<MEAN> 25
 -1.651109e-08 -2.268430e-07 1.259320e-08 1.165062e-07 -3.503200e-08 7.789977e-08 -6.306777e-08 1.437152e-07 -9.648429e-08 -8.998416e-08 1.010382e-07 -1.644749e-08 3.964178e-03 4.991033e-03 -2.259726e-03 -8.660138e-04 -1.980516e-03 2.296586e-03 -1.050157e-04 -6.062090e-03 -3.834328e-04 3.311979e-04 1.732379e-04 -2.677502e-03 -2.030911e-03
<VARIANCE> 25
 3.382748e+01 3.628031e+01 4.600648e+01 2.294502e+01 9.100511e+01 4.563913e+01 5.834692e+01 5.632589e+01 3.456791e+01 4.004803e+01 4.066158e+01 4.632240e+01 1.656153e+00 1.407841e+00 1.798202e+00 1.585461e+00 4.502382e+00 2.970210e+00 3.744460e+00 3.177201e+00 2.837936e+00 2.797859e+00 2.639533e+00 2.465156e+00 1.004578e+00
<GCONST> 1.021376e+02
<STATE> 4
<MEAN> 25
 -1.651109e-08 -2.268430e-07 1.259320e-08 1.165062e-07 -3.503200e-08 7.789977e-08 -6.306777e-08 1.437152e-07 -9.648429e-08 -8.998416e-08 1.010382e-07 -1.644749e-08 3.964178e-03 4.991033e-03 -2.259726e-03 -8.660138e-04 -1.980516e-03 2.296586e-03 -1.050157e-04 -6.062090e-03 -3.834328e-04 3.311979e-04 1.732379e-04 -2.677502e-03 -2.030911e-03
<VARIANCE> 25
 3.382748e+01 3.628031e+01 4.600648e+01 2.294502e+01 9.100511e+01 4.563913e+01 5.834692e+01 5.632589e+01 3.456791e+01 4.004803e+01 4.066158e+01 4.632240e+01 1.656153e+00 1.407841e+00 1.798202e+00 1.585461e+00 4.502382e+00 2.970210e+00 3.744460e+00 3.177201e+00 2.837936e+00 2.797859e+00 2.639533e+00 2.465156e+00 1.004578e+00
<GCONST> 1.021376e+02
~t "T_l5_u"
<ENDHMM>
~h "l2_u-l3_u+l3_i"
<BEGINHMM>
<NUMSTATES> 5
<STATE> 2
<MEAN> 25
 -1.651109e-08 -2.268430e-07 1.259320e-08 1.165062e-07 -3.503200e-08 7.789977e-08 -6.306777e-08 1.437152e-07 -9.648429e-08 -8.998416e-08 1.010382e-07 -1.644749e-08 3.964178e-03 4.991033e-03 -2.259726e-03 -8.660138e-04 -1.980516e-03 2.296586e-03 -1.050157e-04 -6.062090e-03 -3.834328e-04 3.311979e-04 1.732379e-04 -2.677502e-03 -2.030911e-03
<VARIANCE> 25
 3.382748e+01 3.628031e+01 4.600648e+01 2.294502e+01 9.100511e+01 4.563913e+01 5.834692e+01 5.632589e+01 3.456791e+01 4.004803e+01 4.066158e+01 4.632240e+01 1.656153e+00 1.407841e+00 1.798202e+00 1.585461e+00 4.502382e+00 2.970210e+00 3.744460e+00 3.177201e+00 2.837936e+00 2.797859e+00 2.639533e+00 2.465156e+00 1.004578e+00
<GCONST> 1.021376e+02
<STATE> 3
<MEAN> 25
 -1.651109e-08 -2.268430e-07 1.259320e-08 1.165062e-07 -3.503200e-08 7.789977e-08 -6.306777e-08 1.437152e-07 -9.648429e-08 -8.998416e-08 1.010382e-07 -1.644749e-08 3.964178e-03 4.991033e-03 -2.259726e-03 -8.660138e-04 -1.980516e-03 2.296586e-03 -1.050157e-04 -6.062090e-03 -3.834328e-04 3.311979e-04 1.732379e-04 -2.677502e-03 -2.030911e-03
<VARIANCE> 25
 3.382748e+01 3.628031e+01 4.600648e+01 2.294502e+01 9.100511e+01 4.563913e+01 5.834692e+01 5.632589e+01 3.456791e+01 4.004803e+01 4.066158e+01 4.632240e+01 1.656153e+00 1.407841e+00 1.798202e+00 1.585461e+00 4.502382e+00 2.970210e+00 3.744460e+00 3.177201e+00 2.837936e+00 2.797859e+00 2.639533e+00 2.465156e+00 1.004578e+00
<GCONST> 1.021376e+02
<STATE> 4
<MEAN> 25
 -1.651109e-08 -2.268430e-07 1.259320e-08 1.165062e-07 -3.503200e-08 7.789977e-08 -6.306777e-08 1.437152e-07 -9.648429e-08 -8.998416e-08 1.010382e-07 -1.644749e-08 3.964178e-03 4.991033e-03 -2.259726e-03 -8.660138e-04 -1.980516e-03 2.296586e-03 -1.050157e-04 -6.062090e-03 -3.834328e-04 3.311979e-04 1.732379e-04 -2.677502e-03 -2.030911e-03
<VARIANCE> 25
 3.382748e+01 3.628031e+01 4.600648e+01 2.294502e+01 9.100511e+01 4.563913e+01 5.834692e+01 5.632589e+01 3.456791e+01 4.004803e+01 4.066158e+01 4.632240e+01 1.656153e+00 1.407841e+00 1.798202e+00 1.585461e+00 4.502382e+00 2.970210e+00 3.744460e+00 3.177201e+00 2.837936e+00 2.797859e+00 2.639533e+00 2.465156e+00 1.004578e+00
<GCONST> 1.021376e+02
~t "T_l3_u"
<ENDHMM>
~h "l1_i-l2_i+l2_u"
<BEGINHMM>
<NUMSTATES> 5
<STATE> 2
<MEAN> 25
 6.021810e-02 -3.939933e+00 -1.976902e+00 3.009128e+00 -9.825853e-01 -3.105780e+00 1.306785e+00 -1.477055e+00 -2.204087e+00 -2.704900e+00 -2.340449e+00 2.740659e+00 -8.802628e-03 -4.238782e-01 -2.945980e-01 1.073727e-01 2.844289e-01 4.300756e-01 -1.323022e-01 8.210685e-03 5.342810e-01 -1.235067e-01 -2.836875e-01 1.046848e-01 1.703764e-01
<VARIANCE> 25
 1.287345e+01 3.222810e+01 3.063399e+01 1.376235e+01 5.677377e+01 3.777386e+01 6.648190e+01 8.948605e+01 5.886211e+01 3.349454e+01 3.723773e+01 2.958849e+01 1.036038e+00 2.033959e+00 1.902674e+00 1.609410e+00 7.179654e+00 4.208220e+00 7.732793e+00 5.200680e+00 8.044971e+00 2.960503e+00 4.848737e+00 3.035534e+00 1.746544e+00
<GCONST> 1.043562e+02
<STATE> 3
<MEAN> 25
 1.676047e+00 -3.623079e+00 -3.892072e+00 1.608049e+00 1.901037e+00 1.198238e+00 -2.480799e-02 -4.457005e-01 1.231312e+00 -1.726259e+00 -3.430623e+00 6.804295e-01 -1.536156e-02 2.492926e-01 2.388113e-01 -6.605045e-02 -3.907622e-01 -1.838265e-01 1.806767e-01 -7.231687e-02 -8.667639e-03 1.085811e-01 1.779922e-01 -5.132631e-02 -8.469377e-02
<VARIANCE> 25
 1.128441e+01 2.228355e+01 2.075799e+01 1.125935e+01 6.137392e+01 2.814645e+01 5.814091e+01 4.632834e+01 5.120096e+01 2.638521e+01 2.638202e+01 3.082597e+01 7.896712e-01 1.554410e+00 1.427281e+00 1.144666e+00 6.419488e+00 3.076444e+00 3.393460e+00 4.406826e+00 4.263366e+00 2.606903e+00 2.211870e+00 2.726357e+00 8.064285e-01
<GCONST> 9.656480e+01
<STATE> 4
<MEAN> 25
 -1.484892e+00 3.247751e+00 2.517428e+00 -1.877233e+00 -1.270504e+00 -1.709534e+00 -1.385714e+00 1.069799e+00 -3.548520e-01 7.898468e-01 2.050010e-02 -3.465664e+00 -2.911850e-04 7.576046e-03 4.360586e-02 -4.039959e-03 1.475428e-01 7.072358e-02 -4.238304e-02 7.420757e-02 -5.423723e-02 -9.898332e-02 -1.167931e-02 -5.176697e-02 -7.226722e-03
<VARIANCE> 25
 5.337759e+01 2.538833e+01 3.745330e+01 1.562344e+01 7.019025e+01 5.341404e+01 3.889939e+01 3.981057e+01 2.799300e+01 3.223520e+01 3.194397e+01 2.031558e+01 3.932029e+00 2.201666e+00 2.273645e+00 1.179276e+00 5.966998e+00 2.875103e+00 3.245476e+00 3.066947e+00 3.062053e+00 2.590692e+00 2.157288e+00 1.949226e+00 1.099322e+00
<GCONST> 1.002722e+02
~t "T_l2_i"
<ENDHMM>
~h "sil"
<BEGINHMM>
<NUMSTATES> 5
<STATE> 2
<MEAN> 25
 -3.046643e+00 -8.673445e-01 -2.096660e-01 2.015012e-01 4.484040e+00 2.335165e+00 -8.658116e-01 4.726276e+00 3.897434e-01 -2.605133e-01 3.314773e+00 7.596911e-01 -2.438868e-02 -9.752773e-02 -2.204875e-02 -1.936865e-02 5.646345e-02 4.973480e-02 9.456792e-03 9.009527e-02 3.861865e-02 5.278575e-02 1.025021e-01 1.260297e-01 -1.595667e-01
<VARIANCE> 25
 4.352120e+01 3.246416e+01 3.050467e+01 1.665333e+01 3.444180e+01 2.600792e+01 3.147450e+01 3.221318e+01 2.256641e+01 2.692890e+01 2.369898e+01 2.526805e+01 5.750448e-01 5.669814e-01 9.010332e-01 8.994207e-01 1.288298e+00 1.376240e+00 1.605561e+00 1.811049e+00 1.672058e+00 1.770705e+00 1.568618e+00 1.405136e+00 2.455915e-01
<GCONST> 8.673545e+01
<STATE> 3
~s "silst"
<STATE> 4
<MEAN> 25
 1.422595e+00 3.205490e+00 3.138825e+00 -9.732939e-03 -3.894879e+00 -1.699866e+00 -1.296130e+00 -2.910730e+00 -6.558906e-01 -1.083672e-01 -1.156772e+00 -3.132261e+00 -3.070226e-02 6.638592e-02 -4.041609e-02 1.813393e-03 1.156852e-01 9.103014e-02 -6.211681e-02 4.949212e-02 -1.862202e-02 -5.409211e-02 1.820460e-02 -4.274765e-02 7.691330e-02
<VARIANCE> 25
 2.912814e+01 2.295275e+01 4.276894e+01 2.397736e+01 8.687868e+01 4.124361e+01 5.375289e+01 5.612082e+01 3.804606e+01 4.058987e+01 3.606896e+01 2.913811e+01 2.804418e+00 1.822977e+00 2.487717e+00 1.972266e+00 6.133229e+00 3.864169e+00 4.035899e+00 3.895041e+00 3.304501e+00 3.214365e+00 3.213839e+00 2.630643e+00 1.336929e+00
<GCONST> 1.038113e+02
<TRANSP> 5
 0.000000e+00 1.000000e+00 0.000000e+00 0.000000e+00 0.000000e+00
 0.000000e+00 8.908880e-01 5.275363e-02 5.635838e-02 0.000000e+00
 0.000000e+00 0.000000e+00 9.363019e-01 6.369800e-02 0.000000e+00
 0.000000e+00 6.929462e-02 0.000000e+00 9.237595e-01 6.945866e-03
 0.000000e+00 0.000000e+00 0.000000e+00 0.000000e+00 0.000000e+00
<ENDHMM>
~h "l4_i-l5_i+l5_u"
<BEGINHMM>
<NUMSTATES> 5
<STATE> 2
<MEAN> 25
 5.974102e+00 -6.087759e+00 -1.048914e+01 1.980618e+00 9.726292e-01 5.176534e+00 -1.474321e+00 1.515590e+00 5.924411e-01 1.522351e+00 -6.490772e+00 1.397043e+00 -1.586673e-01 -6.426189e-03 2.183372e-01 1.397147e-01 -1.486676e-01 5.261791e-01 1.845674e-01 -4.102888e-01 -1.003620e-01 8.246347e-03 3.877407e-01 2.653355e-01 7.833875e-02
<VARIANCE> 25
 3.231319e+01 1.076464e+01 1.532923e+01 9.756426e+00 5.780586e+01 2.982511e+01 4.385233e+01 7.349325e+01 1.356471e+01 6.079444e+00 1.776947e+01 1.859757e+01 4.540941e-01 5.507392e-01 1.321952e+00 1.469805e+00 5.179994e+00 2.364085e+00 4.025829e+00 3.645492e+00 1.217994e+00 8.500182e-01 8.018558e-01 1.099729e+00 3.246934e-01
<GCONST> 8.580350e+01
<STATE> 3
<MEAN> 25
 -3.039716e+00 2.299057e+00 -8.040439e-01 3.076455e+00 3.875524e+00 9.382794e-01 5.679470e-02 1.690184e+00 1.645964e+00 3.107217e+00 5.674451e+00 6.587577e-01 3.561783e-02 3.316626e-02 2.768539e-02 -4.910956e-02 4.213502e-02 -1.834060e-02 -1.228409e-01 1.076675e-02 2.094498e-02 2.987822e-02 6.766939e-02 3.250575e-02 -1.708092e-01
<VARIANCE> 25
 2.722836e+01 1.306782e+01 2.189170e+01 1.426993e+01 4.217290e+01 1.706264e+01 1.949809e+01 2.615529e+01 1.272344e+01 1.987098e+01 1.437695e+01 1.336074e+01 6.256589e-01 6.215503e-01 8.977537e-01 9.008399e-01 2.006421e+00 1.758400e+00 1.522839e+00 1.667874e+00 1.532162e+00 1.795626e+00 1.412589e+00 1.264037e+00 1.582946e-01
<GCONST> 8.195387e+01
<STATE> 4
<MEAN> 25
 2.113780e+00 9.173542e-01 4.745238e-01 9.751915e-01 -6.061008e+00 -3.025623e+00 2.149594e+00 -3.197974e+00 -6.307522e-01 -3.323362e+00 -4.466735e+00 -3.847673e-01 4.735140e-02 -5.145328e-02 -5.917630e-02 -5.712286e-02 3.583957e-02 -3.513068e-02 7.180761e-02 -3.263171e-02 -4.004400e-02 -3.762771e-02 -1.474225e-01 2.495771e-03 1.021371e-01
<VARIANCE> 25
 2.547978e+01 5.215301e+01 5.626213e+01 2.694498e+01 1.016551e+02 2.598749e+01 6.232259e+01 3.412046e+01 2.956683e+01 4.221884e+01 3.560817e+01 3.277712e+01 1.260279e+00 2.377274e+00 1.926226e+00 2.016608e+00 7.023239e+00 2.401236e+00 4.790102e+00 2.946041e+00 2.560842e+00 3.038152e+00 2.810868e+00 3.196926e+00 2.524883e+00
<GCONST> 1.032960e+02
~t "T_l5_i"
<ENDHMM>
~h "l2_i-l3_i+l3_u"
<BEGINHMM>
<NUMSTATES> 5
<STATE> 2
<MEAN> 25
 -1.651109e-08 -2.268430e-07 1.259320e-08 1.165062e-07 -3.503200e-08 7.789977e-08 -6.306777e-08 1.437152e-07 -9.648429e-08 -8.998416e-08 1.010382e-07 -1.644749e-08 3.964178e-03 4.991033e-03 -2.259726e-03 -8.660138e-04 -1.980516e-03 2.296586e-03 -1.050157e-04 -6.062090e-03 -3.834328e-04 3.311979e-04 1.732379e-04 -2.677502e-03 -2.030911e-03
<VARIANCE> 25
 3.382748e+01 3.628031e+01 4.600648e+01 2.294502e+01 9.100511e+01 4.563913e+01 5.834692e+01 5.632589e+01 3.456791e+01 4.004803e+01 4.066158e+01 4.632240e+01 1.656153e+00 1.407841e+00 1.798202e+00 1.585461e+00 4.502382e+00 2.970210e+00 3.744460e+00 3.177201e+00 2.837936e+00 2.797859e+00 2.639533e+00 2.465156e+00 1.004578e+00
<GCONST> 1.021376e+02
<STATE> 3
<MEAN> 25
 -1.651109e-08 -2.268430e-07 1.259320e-08 1.165062e-07 -3.503200e-08 7.789977e-08 -6.306777e-08 1.437152e-07 -9.648429e-08 -8.998416e-08 1.010382e-07 -1.644749e-08 3.964178e-03 4.991033e-03 -2.259726e-03 -8.660138e-04 -1.980516e-03 2.296586e-03 -1.050157e-04 -6.062090e-03 -3.834328e-04 3.311979e-04 1.732379e-04 -2.677502e-03 -2.030911e-03
<VARIANCE> 25
 3.382748e+01 3.628031e+01 4.600648e+01 2.294502e+01 9.100511e+01 4.563913e+01 5.834692e+01 5.632589e+01 3.456791e+01 4.004803e+01 4.066158e+01 4.632240e+01 1.656153e+00 1.407841e+00 1.798202e+00 1.585461e+00 4.502382e+00 2.970210e+00 3.744460e+00 3.177201e+00 2.837936e+00 2.797859e+00 2.639533e+00 2.465156e+00 1.004578e+00
<GCONST> 1.021376e+02
<STATE> 4
<MEAN> 25
 -1.651109e-08 -2.268430e-07 1.259320e-08 1.165062e-07 -3.503200e-08 7.789977e-08 -6.306777e-08 1.437152e-07 -9.648429e-08 -8.998416e-08 1.010382e-07 -1.644749e-08 3.964178e-03 4.991033e-03 -2.259726e-03 -8.660138e-04 -1.980516e-03 2.296586e-03 -1.050157e-04 -6.062090e-03 -3.834328e-04 3.311979e-04 1.732379e-04 -2.677502e-03 -2.030911e-03
<VARIANCE> 25
 3.382748e+01 3.628031e+01 4.600648e+01 2.294502e+01 9.100511e+01 4.563913e+01 5.834692e+01 5.632589e+01 3.456791e+01 4.004803e+01 4.066158e+01 4.632240e+01 1.656153e+00 1.407841e+00 1.798202e+00 1.585461e+00 4.502382e+00 2.970210e+00 3.744460e+00 3.177201e+00 2.837936e+00 2.797859e+00 2.639533e+00 2.465156e+00 1.004578e+00
<GCONST> 1.021376e+02
~t "T_l3_i"
<ENDHMM>
~h "l1_i-l1_u+l2_i"
<BEGINHMM>
<NUMSTATES> 5
<STATE> 2
<MEAN> 25
 -4.446714e+00 5.465606e+00 -1.738055e+00 2.481254e+00 -3.516156e+00 -9.311001e+00 3.109504e+00 -4.012887e+00 1.040781e+00 1.110390e+00 2.916201e+00 1.328322e+01 2.898310e-01 -1.848101e-01 -1.231807e-01 -1.357660e-01 -1.101617e-01 -2.770026e-01 9.077307e-01 5.487105e-01 4.205093e-01 -5.444188e-02 -8.546757e-01 3.586878e-01 5.074635e-02
<VARIANCE> 25
 7.002831e+00 2.200574e+01 1.032518e+01 9.036227e+00 2.077882e+01 2.222089e+01 6.345727e+01 2.856687e+01 1.495495e+01 4.140633e+01 4.625594e+01 2.683104e+01 1.287511e+00 2.438397e+00 9.868562e-01 1.136548e+00 2.485983e+00 2.128533e+00 6.747135e+00 2.721668e+00 2.163677e+00 3.653285e+00 3.689608e+00 4.646254e+00 1.301640e-01
<GCONST> 9.141552e+01
<STATE> 3
<MEAN> 25
 3.364506e+00 -3.881246e+00 -4.144516e+00 2.961531e+00 -3.394345e+00 -2.698929e+00 6.505903e+00 1.927965e+00 1.727775e+00 -2.522795e-01 -7.287655e+00 5.126454e+00 4.203204e-01 -6.488913e-02 -2.636650e-01 7.396209e-02 1.186110e-01 1.277941e-01 -1.068276e+00 -5.279306e-01 -2.495505e-01 -1.084302e-01 4.418584e-01 -7.206548e-01 -3.528067e-01
<VARIANCE> 25
 1.258581e+01 9.322127e+00 1.600113e+01 1.205603e+01 1.395553e+01 9.345016e+01 5.272939e+01 5.426052e+01 2.943828e+01 2.215373e+01 4.452959e+01 2.649766e+01 1.477073e-01 1.329136e+00 4.978068e-01 1.136949e+00 1.386222e+00 2.801029e+00 2.764879e+00 2.536216e+00 2.315525e+00 1.697993e+00 2.759079e+00 1.732191e+00 1.133869e-01
<GCONST> 8.652338e+01
<STATE> 4
<MEAN> 25
 3.434730e+00 7.207935e-01 -2.616658e+00 -2.000218e+00 4.850545e-01 1.587030e+00 -1.444304e+00 -3.055159e+00 7.760737e-01 -5.213133e-01 -1.404076e+00 -4.548440e+00 -9.687816e-02 5.111577e-02 4.444092e-02 -4.750568e-02 4.241875e-02 5.584171e-02 7.050545e-04 6.567430e-02 -2.359063e-03 3.201698e-02 2.276527e-02 -7.232559e-02 3.506062e-02
<VARIANCE> 25
 1.777931e+01 1.774614e+01 3.424631e+01 2.138784e+01 8.989814e+01 4.863905e+01 5.641362e+01 3.540306e+01 4.912263e+01 4.073124e+01 2.669334e+01 2.592937e+01 9.930087e-01 6.545892e-01 1.341419e+00 1.539488e+00 3.480923e+00 2.712308e+00 3.539757e+00 2.501791e+00 3.616319e+00 2.306039e+00 2.489804e+00 1.927312e+00 5.025022e-01
<GCONST> 9.614298e+01
~t "T_l1_u"
<ENDHMM>
~h "l1_i-l1_u+l2_u"
<BEGINHMM>
<NUMSTATES> 5
<STATE> 2
<MEAN> 25
 -4.483163e+00 5.511762e+00 -1.772121e+00 2.505608e+00 -3.477774e+00 -9.237598e+00 2.861272e+00 -4.136135e+00 1.019845e+00 1.156987e+00 3.093266e+00 1.327769e+01 2.878055e-01 -1.647099e-01 -1.313292e-01 -1.454117e-01 -1.091493e-01 -2.666537e-01 9.047094e-01 5.261024e-01 4.108813e-01 -4.469638e-02 -8.396903e-01 3.816357e-01 4.935640e-02
<VARIANCE> 25
 6.960038e+00 2.198713e+01 1.026600e+01 9.079005e+00 2.072176e+01 2.176692e+01 5.796747e+01 2.725755e+01 1.503307e+01 4.153015e+01 4.334066e+01 2.719234e+01 1.300757e+00 2.412802e+00 9.847506e-01 1.138499e+00 2.508869e+00 2.135723e+00 6.813192e+00 2.681577e+00 2.176080e+00 3.679428e+00 3.703751e+00 4.632529e+00 1.311221e-01
<GCONST> 9.123094e+01
<STATE> 3
<MEAN> 25
 3.401252e+00 -3.741785e+00 -4.111728e+00 2.936181e+00 -3.380692e+00 -2.929493e+00 6.580794e+00 1.905868e+00 1.770630e+00 -3.352877e-01 -7.332018e+00 5.114236e+00 4.095756e-01 -7.612990e-02 -2.402155e-01 7.115250e-02 1.205887e-01 1.184736e-01 -1.044758e+00 -4.901446e-01 -2.445282e-01 -1.187477e-01 4.150034e-01 -7.483018e-01 -3.411400e-01
<VARIANCE> 25
 1.305697e+01 9.808546e+00 1.610291e+01 1.188046e+01 1.415935e+01 9.381558e+01 5.689122e+01 5.417340e+01 2.947742e+01 2.189562e+01 4.425009e+01 2.696046e+01 1.619584e-01 1.370088e+00 5.079381e-01 1.132512e+00 1.396768e+00 2.764508e+00 2.774552e+00 2.596895e+00 2.336267e+00 1.672811e+00 2.812961e+00 1.775531e+00 1.162594e-01
<GCONST> 8.691935e+01
<STATE> 4
<MEAN> 25
 3.384683e+00 7.211462e-01 -2.612213e+00 -2.011666e+00 5.083758e-01 1.640980e+00 -1.447808e+00 -3.096884e+00 7.370530e-01 -5.358944e-01 -1.369660e+00 -4.549772e+00 -9.872110e-02 4.845020e-02 4.227751e-02 -4.320376e-02 3.889490e-02 5.905591e-02 6.189893e-03 6.871242e-02 -1.113316e-03 3.795251e-02 2.786288e-02 -6.495057e-02 3.462494e-02
<VARIANCE> 25
 1.791340e+01 1.785456e+01 3.435503e+01 2.141873e+01 9.027904e+01 4.830310e+01 5.667382e+01 3.488111e+01 4.911024e+01 4.078910e+01 2.664217e+01 2.585863e+01 1.002725e+00 6.526554e-01 1.349000e+00 1.547901e+00 3.485375e+00 2.714009e+00 3.544178e+00 2.511184e+00 3.619879e+00 2.316348e+00 2.485723e+00 1.918901e+00 5.056546e-01
<GCONST> 9.617522e+01
~t "T_l1_u"
<ENDHMM>
~h "l2_u-l2_i+l3_i"
<BEGINHMM>
<NUMSTATES> 5
<STATE> 2
<MEAN> 25
 6.021810e-02 -3.939933e+00 -1.976902e+00 3.009128e+00 -9.825853e-01 -3.105780e+00 1.306785e+00 -1.477055e+00 -2.204087e+00 -2.704900e+00 -2.340449e+00 2.740659e+00 -8.802628e-03 -4.238782e-01 -2.945980e-01 1.073727e-01 2.844289e-01 4.300756e-01 -1.323022e-01 8.210685e-03 5.342810e-01 -1.235067e-01 -2.836875e-01 1.046848e-01 1.703764e-01
<VARIANCE> 25
 1.287345e+01 3.222810e+01 3.063399e+01 1.376235e+01 5.677377e+01 3.777386e+01 6.648190e+01 8.948605e+01 5.886211e+01 3.349454e+01 3.723773e+01 2.958849e+01 1.036038e+00 2.033959e+00 1.902674e+00 1.609410e+00 7.179654e+00 4.208220e+00 7.732793e+00 5.200680e+00 8.044971e+00 2.960503e+00 4.848737e+00 3.035534e+00 1.746544e+00
<GCONST> 1.043562e+02
<STATE> 3
<MEAN> 25
 1.676047e+00 -3.623079e+00 -3.892072e+00 1.608049e+00 1.901037e+00 1.198238e+00 -2.480799e-02 -4.457005e-01 1.231312e+00 -1.726259e+00 -3.430623e+00 6.804295e-01 -1.536156e-02 2.492926e-01 2.388113e-01 -6.605045e-02 -3.907622e-01 -1.838265e-01 1.806767e-01 -7.231687e-02 -8.667639e-03 1.085811e-01 1.779922e-01 -5.132631e-02 -8.469377e-02
<VARIANCE> 25
 1.128441e+01 2.228355e+01 2.075799e+01 1.125935e+01 6.137392e+01 2.814645e+01 5.814091e+01 4.632834e+01 5.120096e+01 2.638521e+01 2.638202e+01 3.082597e+01 7.896712e-01 1.554410e+00 1.427281e+00 1.144666e+00 6.419488e+00 3.076444e+00 3.393460e+00 4.406826e+00 4.263366e+00 2.606903e+00 2.211870e+00 2.726357e+00 8.064285e-01
<GCONST> 9.656480e+01
<STATE> 4
<MEAN> 25
 -1.484892e+00 3.247751e+00 2.517428e+00 -1.877233e+00 -1.270504e+00 -1.709534e+00 -1.385714e+00 1.069799e+00 -3.548520e-01 7.898468e-01 2.050010e-02 -3.465664e+00 -2.911850e-04 7.576046e-03 4.360586e-02 -4.039959e-03 1.475428e-01 7.072358e-02 -4.238304e-02 7.420757e-02 -5.423723e-02 -9.898332e-02 -1.167931e-02 -5.176697e-02 -7.226722e-03
<VARIANCE> 25
 5.337759e+01 2.538833e+01 3.745330e+01 1.562344e+01 7.019025e+01 5.341404e+01 3.889939e+01 3.981057e+01 2.799300e+01 3.223520e+01 3.194397e+01 2.031558e+01 3.932029e+00 2.201666e+00 2.273645e+00 1.179276e+00 5.966998e+00 2.875103e+00 3.245476e+00 3.066947e+00 3.062053e+00 2.590692e+00 2.157288e+00 1.949226e+00 1.099322e+00
<GCONST> 1.002722e+02
~t "T_l2_i"
<ENDHMM>
~h "l2_u-l2_i+l3_u"
<BEGINHMM>
<NUMSTATES> 5
<STATE> 2
<MEAN> 25
 6.021810e-02 -3.939933e+00 -1.976902e+00 3.009128e+00 -9.825853e-01 -3.105780e+00 1.306785e+00 -1.477055e+00 -2.204087e+00 -2.704900e+00 -2.340449e+00 2.740659e+00 -8.802628e-03 -4.238782e-01 -2.945980e-01 1.073727e-01 2.844289e-01 4.300756e-01 -1.323022e-01 8.210685e-03 5.342810e-01 -1.235067e-01 -2.836875e-01 1.046848e-01 1.703764e-01
<VARIANCE> 25
 1.287345e+01 3.222810e+01 3.063399e+01 1.376235e+01 5.677377e+01 3.777386e+01 6.648190e+01 8.948605e+01 5.886211e+01 3.349454e+01 3.723773e+01 2.958849e+01 1.036038e+00 2.033959e+00 1.902674e+00 1.609410e+00 7.179654e+00 4.208220e+00 7.732793e+00 5.200680e+00 8.044971e+00 2.960503e+00 4.848737e+00 3.035534e+00 1.746544e+00
<GCONST> 1.043562e+02
<STATE> 3
<MEAN> 25
 1.676047e+00 -3.623079e+00 -3.892072e+00 1.608049e+00 1.901037e+00 1.198238e+00 -2.480799e-02 -4.457005e-01 1.231312e+00 -1.726259e+00 -3.430623e+00 6.804295e-01 -1.536156e-02 2.492926e-01 2.388113e-01 -6.605045e-02 -3.907622e-01 -1.838265e-01 1.806767e-01 -7.231687e-02 -8.667639e-03 1.085811e-01 1.779922e-01 -5.132631e-02 -8.469377e-02
<VARIANCE> 25
 1.128441e+01 2.228355e+01 2.075799e+01 1.125935e+01 6.137392e+01 2.814645e+01 5.814091e+01 4.632834e+01 5.120096e+01 2.638521e+01 2.638202e+01 3.082597e+01 7.896712e-01 1.554410e+00 1.427281e+00 1.144666e+00 6.419488e+00 3.076444e+00 3.393460e+00 4.406826e+00 4.263366e+00 2.606903e+00 2.211870e+00 2.726357e+00 8.064285e-01
<GCONST> 9.656480e+01
<STATE> 4
<MEAN> 25
 -1.484892e+00 3.247751e+00 2.517428e+00 -1.877233e+00 -1.270504e+00 -1.709534e+00 -1.385714e+00 1.069799e+00 -3.548520e-01 7.898468e-01 2.050010e-02 -3.465664e+00 -2.911850e-04 7.576046e-03 4.360586e-02 -4.039959e-03 1.475428e-01 7.072358e-02 -4.238304e-02 7.420757e-02 -5.423723e-02 -9.898332e-02 -1.167931e-02 -5.176697e-02 -7.226722e-03
<VARIANCE> 25
 5.337759e+01 2.538833e+01 3.745330e+01 1.562344e+01 7.019025e+01 5.341404e+01 3.889939e+01 3.981057e+01 2.799300e+01 3.223520e+01 3.194397e+01 2.031558e+01 3.932029e+00 2.201666e+00 2.273645e+00 1.179276e+00 5.966998e+00 2.875103e+00 3.245476e+00 3.066947e+00 3.062053e+00 2.590692e+00 2.157288e+00 1.949226e+00 1.099322e+00
<GCONST> 1.002722e+02
~t "T_l2_i"
<ENDHMM>
~h "l4_i-l4_u+l5_i"
<BEGINHMM>
<NUMSTATES> 5
<STATE> 2
<MEAN> 25
 -9.261079e-01 -3.347785e+00 -2.962818e-01 1.196359e+00 -4.851312e+00 -4.183730e+00 2.965565e+00 -1.390729e+00 1.917507e+00 5.889779e+00 5.848207e+00 1.420918e+01 6.760886e-02 -1.241466e-01 -1.973815e-01 -1.676484e-02 8.311886e-02 -6.360291e-02 2.701147e-01 3.379996e-02 9.740625e-03 5.696091e-02 -4.373345e-02 1.954967e-01 2.236850e-02
<VARIANCE> 25
 1.467822e+01 3.452603e+01 4.825476e+01 2.113564e+01 1.080950e+02 2.036764e+01 4.853544e+01 4.791146e+01 3.733419e+01 9.208356e+01 8.031851e+01 6.307966e+01 6.797751e-01 1.313691e+00 2.181194e+00 1.950602e+00 3.460927e+00 1.714078e+00 3.469025e+00 3.094592e+00 2.884727e+00 4.551060e+00 3.337601e+00 3.790449e+00 5.377330e-01
<GCONST> 1.012050e+02
<STATE> 3
<MEAN> 25
 -1.274742e-01 3.079847e-01 -1.122369e+00 1.514932e+00 -4.667967e+00 -5.100514e+00 3.165308e+00 -1.573220e+00 -1.656063e+00 9.143488e-01 -2.365527e+00 2.285551e+00 -6.105836e-03 1.314481e-01 1.162940e-01 1.127114e-02 7.283711e-02 4.576118e-03 -2.438682e-01 -5.094291e-02 5.903736e-02 -4.024686e-02 -5.114809e-02 -3.411450e-01 -4.093022e-02
<VARIANCE> 25
 2.643963e+01 1.793347e+01 2.569885e+01 1.229593e+01 4.397200e+01 3.138054e+01 6.724728e+01 4.651416e+01 4.249308e+01 5.072096e+01 6.766928e+01 6.000875e+01 1.903812e+00 1.596449e+00 2.040381e+00 1.112191e+00 2.577850e+00 3.497816e+00 6.544889e+00 4.644886e+00 3.603181e+00 3.588274e+00 3.856060e+00 3.990881e+00 1.158458e+00
<GCONST> 1.021117e+02
<STATE> 4
<MEAN> 25
 1.950483e+00 1.143506e+00 -1.882440e+00 -1.061197e+00 6.365976e+00 3.505295e+00 -3.959302e+00 -2.313195e+00 8.453221e-01 -2.341838e+00 -1.493963e+00 -5.734547e+00 -4.900445e-02 -4.114567e-02 3.904335e-02 2.606981e-02 2.551371e-02 1.026608e-01 8.683208e-02 4.612537e-02 -1.164845e-02 5.609118e-03 8.467640e-02 -1.809440e-02 1.875392e-02
<VARIANCE> 25
 4.467086e+01 2.301043e+01 5.472229e+01 2.944526e+01 1.021165e+02 5.600653e+01 3.663845e+01 3.451175e+01 3.321091e+01 3.438262e+01 3.251600e+01 2.305168e+01 1.999784e+00 1.260547e+00 2.591520e+00 1.680624e+00 3.932445e+00 3.429832e+00 3.528596e+00 2.739069e+00 3.312468e+00 3.102156e+00 2.949686e+00 2.253844e+00 7.031156e-01
<GCONST> 1.008591e+02
~t "T_l4_u"
<ENDHMM>
~h "l4_i-l4_u+l5_u"
<BEGINHMM>
<NUMSTATES> 5
<STATE> 2
<MEAN> 25
 -9.261079e-01 -3.347785e+00 -2.962818e-01 1.196359e+00 -4.851312e+00 -4.183730e+00 2.965565e+00 -1.390729e+00 1.917507e+00 5.889779e+00 5.848207e+00 1.420918e+01 6.760886e-02 -1.241466e-01 -1.973815e-01 -1.676484e-02 8.311886e-02 -6.360291e-02 2.701147e-01 3.379996e-02 9.740625e-03 5.696091e-02 -4.373345e-02 1.954967e-01 2.236850e-02
<VARIANCE> 25
 1.467822e+01 3.452603e+01 4.825476e+01 2.113564e+01 1.080950e+02 2.036764e+01 4.853544e+01 4.791146e+01 3.733419e+01 9.208356e+01 8.031851e+01 6.307966e+01 6.797751e-01 1.313691e+00 2.181194e+00 1.950602e+00 3.460927e+00 1.714078e+00 3.469025e+00 3.094592e+00 2.884727e+00 4.551060e+00 3.337601e+00 3.790449e+00 5.377330e-01
<GCONST> 1.012050e+02
<STATE> 3
<MEAN> 25
 -1.274742e-01 3.079847e-01 -1.122369e+00 1.514932e+00 -4.667967e+00 -5.100514e+00 3.165308e+00 -1.573220e+00 -1.656063e+00 9.143488e-01 -2.365527e+00 2.285551e+00 -6.105836e-03 1.314481e-01 1.162940e-01 1.127114e-02 7.283711e-02 4.576118e-03 -2.438682e-01 -5.094291e-02 5.903736e-02 -4.024686e-02 -5.114809e-02 -3.411450e-01 -4.093022e-02
<VARIANCE> 25
 2.643963e+01 1.793347e+01 2.569885e+01 1.229593e+01 4.397200e+01 3.138054e+01 6.724728e+01 4.651416e+01 4.249308e+01 5.072096e+01 6.766928e+01 6.000875e+01 1.903812e+00 1.596449e+00 2.040381e+00 1.112191e+00 2.577850e+00 3.497816e+00 6.544889e+00 4.644886e+00 3.603181e+00 3.588274e+00 3.856060e+00 3.990881e+00 1.158458e+00
<GCONST> 1.021117e+02
<STATE> 4
<MEAN> 25
 1.950483e+00 1.143506e+00 -1.882440e+00 -1.061197e+00 6.365976e+00 3.505295e+00 -3.959302e+00 -2.313195e+00 8.453221e-01 -2.341838e+00 -1.493963e+00 -5.734547e+00 -4.900445e-02 -4.114567e-02 3.904335e-02 2.606981e-02 2.551371e-02 1.026608e-01 8.683208e-02 4.612537e-02 -1.164845e-02 5.609118e-03 8.467640e-02 -1.809440e-02 1.875392e-02
<VARIANCE> 25
 4.467086e+01 2.301043e+01 5.472229e+01 2.944526e+01 1.021165e+02 5.600653e+01 3.663845e+01 3.451175e+01 3.321091e+01 3.438262e+01 3.251600e+01 2.305168e+01 1.999784e+00 1.260547e+00 2.591520e+00 1.680624e+00 3.932445e+00 3.429832e+00 3.528596e+00 2.739069e+00 3.312468e+00 3.102156e+00 2.949686e+00 2.253844e+00 7.031156e-01
<GCONST> 1.008591e+02
~t "T_l4_u"
<ENDHMM>
~h "l3_u-l3_i+l4_i"
<BEGINHMM>
<NUMSTATES> 5
<STATE> 2
<MEAN> 25
 -1.651109e-08 -2.268430e-07 1.259320e-08 1.165062e-07 -3.503200e-08 7.789977e-08 -6.306777e-08 1.437152e-07 -9.648429e-08 -8.998416e-08 1.010382e-07 -1.644749e-08 3.964178e-03 4.991033e-03 -2.259726e-03 -8.660138e-04 -1.980516e-03 2.296586e-03 -1.050157e-04 -6.062090e-03 -3.834328e-04 3.311979e-04 1.732379e-04 -2.677502e-03 -2.030911e-03
<VARIANCE> 25
 3.382748e+01 3.628031e+01 4.600648e+01 2.294502e+01 9.100511e+01 4.563913e+01 5.834692e+01 5.632589e+01 3.456791e+01 4.004803e+01 4.066158e+01 4.632240e+01 1.656153e+00 1.407841e+00 1.798202e+00 1.585461e+00 4.502382e+00 2.970210e+00 3.744460e+00 3.177201e+00 2.837936e+00 2.797859e+00 2.639533e+00 2.465156e+00 1.004578e+00
<GCONST> 1.021376e+02
<STATE> 3
<MEAN> 25
 -1.651109e-08 -2.268430e-07 1.259320e-08 1.165062e-07 -3.503200e-08 7.789977e-08 -6.306777e-08 1.437152e-07 -9.648429e-08 -8.998416e-08 1.010382e-07 -1.644749e-08 3.964178e-03 4.991033e-03 -2.259726e-03 -8.660138e-04 -1.980516e-03 2.296586e-03 -1.050157e-04 -6.062090e-03 -3.834328e-04 3.311979e-04 1.732379e-04 -2.677502e-03 -2.030911e-03
<VARIANCE> 25
 3.382748e+01 3.628031e+01 4.600648e+01 2.294502e+01 9.100511e+01 4.563913e+01 5.834692e+01 5.632589e+01 3.456791e+01 4.004803e+01 4.066158e+01 4.632240e+01 1.656153e+00 1.407841e+00 1.798202e+00 1.585461e+00 4.502382e+00 2.970210e+00 3.744460e+00 3.177201e+00 2.837936e+00 2.797859e+00 2.639533e+00 2.465156e+00 1.004578e+00
<GCONST> 1.021376e+02
<STATE> 4
<MEAN> 25
 -1.651109e-08 -2.268430e-07 1.259320e-08 1.165062e-07 -3.503200e-08 7.789977e-08 -6.306777e-08 1.437152e-07 -9.648429e-08 -8.998416e-08 1.010382e-07 -1.644749e-08 3.964178e-03 4.991033e-03 -2.259726e-03 -8.660138e-04 -1.980516e-03 2.296586e-03 -1.050157e-04 -6.062090e-03 -3.834328e-04 3.311979e-04 1.732379e-04 -2.677502e-03 -2.030911e-03
<VARIANCE> 25
 3.382748e+01 3.628031e+01 4.600648e+01 2.294502e+01 9.100511e+01 4.563913e+01 5.834692e+01 5.632589e+01 3.456791e+01 4.004803e+01 4.066158e+01 4.632240e+01 1.656153e+00 1.407841e+00 1.798202e+00 1.585461e+00 4.502382e+00 2.970210e+00 3.744460e+00 3.177201e+00 2.837936e+00 2.797859e+00 2.639533e+00 2.465156e+00 1.004578e+00
<GCONST> 1.021376e+02
~t "T_l3_i"
<ENDHMM>
~h "l3_u-l3_i+l4_u"
<BEGINHMM>
<NUMSTATES> 5
<STATE> 2
<MEAN> 25
 -1.651109e-08 -2.268430e-07 1.259320e-08 1.165062e-07 -3.503200e-08 7.789977e-08 -6.306777e-08 1.437152e-07 -9.648429e-08 -8.998416e-08 1.010382e-07 -1.644749e-08 3.964178e-03 4.991033e-03 -2.259726e-03 -8.660138e-04 -1.980516e-03 2.296586e-03 -1.050157e-04 -6.062090e-03 -3.834328e-04 3.311979e-04 1.732379e-04 -2.677502e-03 -2.030911e-03
<VARIANCE> 25
 3.382748e+01 3.628031e+01 4.600648e+01 2.294502e+01 9.100511e+01 4.563913e+01 5.834692e+01 5.632589e+01 3.456791e+01 4.004803e+01 4.066158e+01 4.632240e+01 1.656153e+00 1.407841e+00 1.798202e+00 1.585461e+00 4.502382e+00 2.970210e+00 3.744460e+00 3.177201e+00 2.837936e+00 2.797859e+00 2.639533e+00 2.465156e+00 1.004578e+00
<GCONST> 1.021376e+02
<STATE> 3
<MEAN> 25
 -1.651109e-08 -2.268430e-07 1.259320e-08 1.165062e-07 -3.503200e-08 7.789977e-08 -6.306777e-08 1.437152e-07 -9.648429e-08 -8.998416e-08 1.010382e-07 -1.644749e-08 3.964178e-03 4.991033e-03 -2.259726e-03 -8.660138e-04 -1.980516e-03 2.296586e-03 -1.050157e-04 -6.062090e-03 -3.834328e-04 3.311979e-04 1.732379e-04 -2.677502e-03 -2.030911e-03
<VARIANCE> 25
 3.382748e+01 3.628031e+01 4.600648e+01 2.294502e+01 9.100511e+01 4.563913e+01 5.834692e+01 5.632589e+01 3.456791e+01 4.004803e+01 4.066158e+01 4.632240e+01 1.656153e+00 1.407841e+00 1.798202e+00 1.585461e+00 4.502382e+00 2.970210e+00 3.744460e+00 3.177201e+00 2.837936e+00 2.797859e+00 2.639533e+00 2.465156e+00 1.004578e+00
<GCONST> 1.021376e+02
<STATE> 4
<MEAN> 25
 -1.651109e-08 -2.268430e-07 1.259320e-08 1.165062e-07 -3.503200e-08 7.789977e-08 -6.306777e-08 1.437152e-07 -9.648429e-08 -8.998416e-08 1.010382e-07 -1.644749e-08 3.964178e-03 4.991033e-03 -2.259726e-03 -8.660138e-04 -1.980516e-03 2.296586e-03 -1.050157e-04 -6.062090e-03 -3.834328e-04 3.311979e-04 1.732379e-04 -2.677502e-03 -2.030911e-03
<VARIANCE> 25
 3.382748e+01 3.628031e+01 4.600648e+01 2.294502e+01 9.100511e+01 4.563913e+01 5.834692e+01 5.632589e+01 3.456791e+01 4.004803e+01 4.066158e+01 4.632240e+01 1.656153e+00 1.407841e+00 1.798202e+00 1.585461e+00 4.502382e+00 2.970210e+00 3.744460e+00 3.177201e+00 2.837936e+00 2.797859e+00 2.639533e+00 2.465156e+00 1.004578e+00
<GCONST> 1.021376e+02
~t "T_l3_i"
<ENDHMM>
~h "l2_i-l3_u+l3_i"
<BEGINHMM>
<NUMSTATES> 5
<STATE> 2
<MEAN> 25
 -1.651109e-08 -2.268430e-07 1.259320e-08 1.165062e-07 -3.503200e-08 7.789977e-08 -6.306777e-08 1.437152e-07 -9.648429e-08 -8.998416e-08 1.010382e-07 -1.644749e-08 3.964178e-03 4.991033e-03 -2.259726e-03 -8.660138e-04 -1.980516e-03 2.296586e-03 -1.050157e-04 -6.062090e-03 -3.834328e-04 3.311979e-04 1.732379e-04 -2.677502e-03 -2.030911e-03
<VARIANCE> 25
 3.382748e+01 3.628031e+01 4.600648e+01 2.294502e+01 9.100511e+01 4.563913e+01 5.834692e+01 5.632589e+01 3.456791e+01 4.004803e+01 4.066158e+01 4.632240e+01 1.656153e+00 1.407841e+00 1.798202e+00 1.585461e+00 4.502382e+00 2.970210e+00 3.744460e+00 3.177201e+00 2.837936e+00 2.797859e+00 2.639533e+00 2.465156e+00 1.004578e+00
<GCONST> 1.021376e+02
<STATE> 3
<MEAN> 25
 -1.651109e-08 -2.268430e-07 1.259320e-08 1.165062e-07 -3.503200e-08 7.789977e-08 -6.306777e-08 1.437152e-07 -9.648429e-08 -8.998416e-08 1.010382e-07 -1.644749e-08 3.964178e-03 4.991033e-03 -2.259726e-03 -8.660138e-04 -1.980516e-03 2.296586e-03 -1.050157e-04 -6.062090e-03 -3.834328e-04 3.311979e-04 1.732379e-04 -2.677502e-03 -2.030911e-03
<VARIANCE> 25
 3.382748e+01 3.628031e+01 4.600648e+01 2.294502e+01 9.100511e+01 4.563913e+01 5.834692e+01 5.632589e+01 3.456791e+01 4.004803e+01 4.066158e+01 4.632240e+01 1.656153e+00 1.407841e+00 1.798202e+00 1.585461e+00 4.502382e+00 2.970210e+00 3.744460e+00 3.177201e+00 2.837936e+00 2.797859e+00 2.639533e+00 2.465156e+00 1.004578e+00
<GCONST> 1.021376e+02
<STATE> 4
<MEAN> 25
 -1.651109e-08 -2.268430e-07 1.259320e-08 1.165062e-07 -3.503200e-08 7.789977e-08 -6.306777e-08 1.437152e-07 -9.648429e-08 -8.998416e-08 1.010382e-07 -1.644749e-08 3.964178e-03 4.991033e-03 -2.259726e-03 -8.660138e-04 -1.980516e-03 2.296586e-03 -1.050157e-04 -6.062090e-03 -3.834328e-04 3.311979e-04 1.732379e-04 -2.677502e-03 -2.030911e-03
<VARIANCE> 25
 3.382748e+01 3.628031e+01 4.600648e+01 2.294502e+01 9.100511e+01 4.563913e+01 5.834692e+01 5.632589e+01 3.456791e+01 4.004803e+01 4.066158e+01 4.632240e+01 1.656153e+00 1.407841e+00 1.798202e+00 1.585461e+00 4.502382e+00 2.970210e+00 3.744460e+00 3.177201e+00 2.837936e+00 2.797859e+00 2.639533e+00 2.465156e+00 1.004578e+00
<GCONST> 1.021376e+02
~t "T_l3_u"
<ENDHMM>
~h "l3_u-l4_i+l4_u"
<BEGINHMM>
<NUMSTATES> 5
<STATE> 2
<MEAN> 25
 -1.651109e-08 -2.268430e-07 1.259320e-08 1.165062e-07 -3.503200e-08 7.789977e-08 -6.306777e-08 1.437152e-07 -9.648429e-08 -8.998416e-08 1.010382e-07 -1.644749e-08 3.964178e-03 4.991033e-03 -2.259726e-03 -8.660138e-04 -1.980516e-03 2.296586e-03 -1.050157e-04 -6.062090e-03 -3.834328e-04 3.311979e-04 1.732379e-04 -2.677502e-03 -2.030911e-03
<VARIANCE> 25
 3.382748e+01 3.628031e+01 4.600648e+01 2.294502e+01 9.100511e+01 4.563913e+01 5.834692e+01 5.632589e+01 3.456791e+01 4.004803e+01 4.066158e+01 4.632240e+01 1.656153e+00 1.407841e+00 1.798202e+00 1.585461e+00 4.502382e+00 2.970210e+00 3.744460e+00 3.177201e+00 2.837936e+00 2.797859e+00 2.639533e+00 2.465156e+00 1.004578e+00
<GCONST> 1.021376e+02
<STATE> 3
<MEAN> 25
 -1.651109e-08 -2.268430e-07 1.259320e-08 1.165062e-07 -3.503200e-08 7.789977e-08 -6.306777e-08 1.437152e-07 -9.648429e-08 -8.998416e-08 1.010382e-07 -1.644749e-08 3.964178e-03 4.991033e-03 -2.259726e-03 -8.660138e-04 -1.980516e-03 2.296586e-03 -1.050157e-04 -6.062090e-03 -3.834328e-04 3.311979e-04 1.732379e-04 -2.677502e-03 -2.030911e-03
<VARIANCE> 25
 3.382748e+01 3.628031e+01 4.600648e+01 2.294502e+01 9.100511e+01 4.563913e+01 5.834692e+01 5.632589e+01 3.456791e+01 4.004803e+01 4.066158e+01 4.632240e+01 1.656153e+00 1.407841e+00 1.798202e+00 1.585461e+00 4.502382e+00 2.970210e+00 3.744460e+00 3.177201e+00 2.837936e+00 2.797859e+00 2.639533e+00 2.465156e+00 1.004578e+00
<GCONST> 1.021376e+02
<STATE> 4
<MEAN> 25
 -1.651109e-08 -2.268430e-07 1.259320e-08 1.165062e-07 -3.503200e-08 7.789977e-08 -6.306777e-08 1.437152e-07 -9.648429e-08 -8.998416e-08 1.010382e-07 -1.644749e-08 3.964178e-03 4.991033e-03 -2.259726e-03 -8.660138e-04 -1.980516e-03 2.296586e-03 -1.050157e-04 -6.062090e-03 -3.834328e-04 3.311979e-04 1.732379e-04 -2.677502e-03 -2.030911e-03
<VARIANCE> 25
 3.382748e+01 3.628031e+01 4.600648e+01 2.294502e+01 9.100511e+01 4.563913e+01 5.834692e+01 5.632589e+01 3.456791e+01 4.004803e+01 4.066158e+01 4.632240e+01 1.656153e+00 1.407841e+00 1.798202e+00 1.585461e+00 4.502382e+00 2.970210e+00 3.744460e+00 3.177201e+00 2.837936e+00 2.797859e+00 2.639533e+00 2.465156e+00 1.004578e+00
<GCONST> 1.021376e+02
~t "T_l4_i"
<ENDHMM>
~h "l5_i-l5_u"
<BEGINHMM>
<NUMSTATES> 5
<STATE> 2
<MEAN> 25
 -1.651109e-08 -2.268430e-07 1.259320e-08 1.165062e-07 -3.503200e-08 7.789977e-08 -6.306777e-08 1.437152e-07 -9.648429e-08 -8.998416e-08 1.010382e-07 -1.644749e-08 3.964178e-03 4.991033e-03 -2.259726e-03 -8.660138e-04 -1.980516e-03 2.296586e-03 -1.050157e-04 -6.062090e-03 -3.834328e-04 3.311979e-04 1.732379e-04 -2.677502e-03 -2.030911e-03
<VARIANCE> 25
 3.382748e+01 3.628031e+01 4.600648e+01 2.294502e+01 9.100511e+01 4.563913e+01 5.834692e+01 5.632589e+01 3.456791e+01 4.004803e+01 4.066158e+01 4.632240e+01 1.656153e+00 1.407841e+00 1.798202e+00 1.585461e+00 4.502382e+00 2.970210e+00 3.744460e+00 3.177201e+00 2.837936e+00 2.797859e+00 2.639533e+00 2.465156e+00 1.004578e+00
<GCONST> 1.021376e+02
<STATE> 3
<MEAN> 25
 -1.651109e-08 -2.268430e-07 1.259320e-08 1.165062e-07 -3.503200e-08 7.789977e-08 -6.306777e-08 1.437152e-07 -9.648429e-08 -8.998416e-08 1.010382e-07 -1.644749e-08 3.964178e-03 4.991033e-03 -2.259726e-03 -8.660138e-04 -1.980516e-03 2.296586e-03 -1.050157e-04 -6.062090e-03 -3.834328e-04 3.311979e-04 1.732379e-04 -2.677502e-03 -2.030911e-03
<VARIANCE> 25
 3.382748e+01 3.628031e+01 4.600648e+01 2.294502e+01 9.100511e+01 4.563913e+01 5.834692e+01 5.632589e+01 3.456791e+01 4.004803e+01 4.066158e+01 4.632240e+01 1.656153e+00 1.407841e+00 1.798202e+00 1.585461e+00 4.502382e+00 2.970210e+00 3.744460e+00 3.177201e+00 2.837936e+00 2.797859e+00 2.639533e+00 2.465156e+00 1.004578e+00
<GCONST> 1.021376e+02
<STATE> 4
<MEAN> 25
 -1.651109e-08 -2.268430e-07 1.259320e-08 1.165062e-07 -3.503200e-08 7.789977e-08 -6.306777e-08 1.437152e-07 -9.648429e-08 -8.998416e-08 1.010382e-07 -1.644749e-08 3.964178e-03 4.991033e-03 -2.259726e-03 -8.660138e-04 -1.980516e-03 2.296586e-03 -1.050157e-04 -6.062090e-03 -3.834328e-04 3.311979e-04 1.732379e-04 -2.677502e-03 -2.030911e-03
<VARIANCE> 25
 3.382748e+01 3.628031e+01 4.600648e+01 2.294502e+01 9.100511e+01 4.563913e+01 5.834692e+01 5.632589e+01 3.456791e+01 4.004803e+01 4.066158e+01 4.632240e+01 1.656153e+00 1.407841e+00 1.798202e+00 1.585461e+00 4.502382e+00 2.970210e+00 3.744460e+00 3.177201e+00 2.837936e+00 2.797859e+00 2.639533e+00 2.465156e+00 1.004578e+00
<GCONST> 1.021376e+02
~t "T_l5_u"
<ENDHMM>
~h "l3_u-l4_u+l4_i"
<BEGINHMM>
<NUMSTATES> 5
<STATE> 2
<MEAN> 25
 -9.261079e-01 -3.347785e+00 -2.962818e-01 1.196359e+00 -4.851312e+00 -4.183730e+00 2.965565e+00 -1.390729e+00 1.917507e+00 5.889779e+00 5.848207e+00 1.420918e+01 6.760886e-02 -1.241466e-01 -1.973815e-01 -1.676484e-02 8.311886e-02 -6.360291e-02 2.701147e-01 3.379996e-02 9.740625e-03 5.696091e-02 -4.373345e-02 1.954967e-01 2.236850e-02
<VARIANCE> 25
 1.467822e+01 3.452603e+01 4.825476e+01 2.113564e+01 1.080950e+02 2.036764e+01 4.853544e+01 4.791146e+01 3.733419e+01 9.208356e+01 8.031851e+01 6.307966e+01 6.797751e-01 1.313691e+00 2.181194e+00 1.950602e+00 3.460927e+00 1.714078e+00 3.469025e+00 3.094592e+00 2.884727e+00 4.551060e+00 3.337601e+00 3.790449e+00 5.377330e-01
<GCONST> 1.012050e+02
<STATE> 3
<MEAN> 25
 -1.274742e-01 3.079847e-01 -1.122369e+00 1.514932e+00 -4.667967e+00 -5.100514e+00 3.165308e+00 -1.573220e+00 -1.656063e+00 9.143488e-01 -2.365527e+00 2.285551e+00 -6.105836e-03 1.314481e-01 1.162940e-01 1.127114e-02 7.283711e-02 4.576118e-03 -2.438682e-01 -5.094291e-02 5.903736e-02 -4.024686e-02 -5.114809e-02 -3.411450e-01 -4.093022e-02
<VARIANCE> 25
 2.643963e+01 1.793347e+01 2.569885e+01 1.229593e+01 4.397200e+01 3.138054e+01 6.724728e+01 4.651416e+01 4.249308e+01 5.072096e+01 6.766928e+01 6.000875e+01 1.903812e+00 1.596449e+00 2.040381e+00 1.112191e+00 2.577850e+00 3.497816e+00 6.544889e+00 4.644886e+00 3.603181e+00 3.588274e+00 3.856060e+00 3.990881e+00 1.158458e+00
<GCONST> 1.021117e+02
<STATE> 4
<MEAN> 25
 1.950483e+00 1.143506e+00 -1.882440e+00 -1.061197e+00 6.365976e+00 3.505295e+00 -3.959302e+00 -2.313195e+00 8.453221e-01 -2.341838e+00 -1.493963e+00 -5.734547e+00 -4.900445e-02 -4.114567e-02 3.904335e-02 2.606981e-02 2.551371e-02 1.026608e-01 8.683208e-02 4.612537e-02 -1.164845e-02 5.609118e-03 8.467640e-02 -1.809440e-02 1.875392e-02
<VARIANCE> 25
 4.467086e+01 2.301043e+01 5.472229e+01 2.944526e+01 1.021165e+02 5.600653e+01 3.663845e+01 3.451175e+01 3.321091e+01 3.438262e+01 3.251600e+01 2.305168e+01 1.999784e+00 1.260547e+00 2.591520e+00 1.680624e+00 3.932445e+00 3.429832e+00 3.528596e+00 2.739069e+00 3.312468e+00 3.102156e+00 2.949686e+00 2.253844e+00 7.031156e-01
<GCONST> 1.008591e+02
~t "T_l4_u"
<ENDHMM>
~h "l5_u-l5_i"
<BEGINHMM>
<NUMSTATES> 5
<STATE> 2
<MEAN> 25
 5.924459e+00 -5.949962e+00 -1.000768e+01 2.061521e+00 5.263945e-01 5.262125e+00 -9.546500e-01 1.172177e+00 2.805070e-01 1.247828e+00 -6.208052e+00 1.495889e+00 -1.889776e-01 2.411009e-02 2.547507e-01 7.243367e-02 -2.428519e-01 4.298451e-01 1.692730e-01 -3.274598e-01 -9.093446e-02 -5.357622e-03 4.294373e-01 1.197279e-01 7.364401e-02
<VARIANCE> 25
 2.970183e+01 1.229313e+01 1.821819e+01 9.641915e+00 6.071240e+01 2.831844e+01 4.990520e+01 7.164965e+01 1.300692e+01 7.099721e+00 1.894192e+01 1.630006e+01 4.533869e-01 5.481545e-01 1.428981e+00 1.519675e+00 5.043210e+00 2.216510e+00 3.907382e+00 3.886585e+00 1.195530e+00 7.957883e-01 8.211997e-01 1.209577e+00 3.040391e-01
<GCONST> 8.617585e+01
<STATE> 3
<MEAN> 25
 -3.196301e+00 2.432873e+00 -9.035029e-01 3.153811e+00 3.997871e+00 9.795289e-01 5.333272e-04 1.660229e+00 1.686512e+00 3.144572e+00 5.675515e+00 5.103006e-01 3.031575e-02 2.186619e-02 -6.522787e-03 -3.676975e-02 5.897469e-02 -5.822862e-05 -1.242180e-01 1.422646e-02 2.830147e-02 5.057908e-02 5.496002e-02 5.478692e-02 -1.792682e-01
<VARIANCE> 25
 2.760547e+01 1.324835e+01 2.258810e+01 1.463296e+01 4.064115e+01 1.720833e+01 1.828549e+01 2.632175e+01 1.269309e+01 1.944813e+01 1.415873e+01 1.466590e+01 6.250169e-01 6.178521e-01 9.098520e-01 8.792507e-01 1.999867e+00 1.785571e+00 1.511837e+00 1.649654e+00 1.551348e+00 1.812739e+00 1.389842e+00 1.236609e+00 1.636222e-01
<GCONST> 8.199824e+01
<STATE> 4
<MEAN> 25
 2.133957e+00 1.073956e+00 6.586797e-01 9.152107e-01 -6.535300e+00 -3.182825e+00 2.215696e+00 -3.135566e+00 -6.673801e-01 -3.178940e+00 -4.435390e+00 -5.095823e-01 5.060726e-02 -4.319867e-02 -3.916978e-02 -4.828906e-02 -1.071716e-02 -2.983331e-02 1.020306e-01 -3.809638e-02 -3.730707e-02 -6.772358e-02 -1.446202e-01 1.177436e-02 1.031228e-01
<VARIANCE> 25
 2.607765e+01 5.253210e+01 5.613448e+01 2.690268e+01 9.341216e+01 2.548479e+01 6.187997e+01 3.442600e+01 2.975237e+01 4.177708e+01 3.607955e+01 3.271793e+01 1.287395e+00 2.412582e+00 1.886305e+00 1.993029e+00 7.084611e+00 2.428154e+00 4.811170e+00 2.949323e+00 2.607664e+00 3.065307e+00 2.825986e+00 3.228412e+00 2.578709e+00
<GCONST> 1.033193e+02
~t "T_l5_i"
<ENDHMM>
~h "l1_i+l1_u"
<BEGINHMM>
<NUMSTATES> 5
<STATE> 2
<MEAN> 25
 -1.570743e-01 -1.108683e+00 7.728362e+00 -1.244438e+00 -1.043937e+01 -1.910034e+00 4.271117e+00 -3.531532e+00 1.109641e-01 2.688938e+00 6.170418e-01 3.072860e-01 5.536181e-02 1.886529e-01 1.796626e-01 1.334127e-01 -6.529231e-02 -1.628250e-03 -5.484036e-02 -1.680833e-01 -1.816835e-02 -1.703277e-02 1.968426e-01 -9.020742e-03 -1.233794e-01
<VARIANCE> 25
 3.856569e+00 1.473753e+01 3.500763e+01 1.436797e+01 3.482347e+01 1.512898e+01 4.640342e+01 9.019331e+01 2.607058e+01 2.256461e+01 1.034542e+01 1.505509e+01 1.685634e-01 6.744902e-01 1.517388e+00 9.996327e-01 2.906873e+00 1.626206e+00 2.455863e+00 2.608096e+00 2.579719e+00 2.122918e+00 1.143624e+00 1.367248e+00 3.155337e-01
<GCONST> 8.488614e+01
<STATE> 3
<MEAN> 25
 1.693073e+00 -9.833102e-01 1.482151e+00 5.412255e-01 -6.271920e+00 -1.516876e+00 3.690278e+00 3.448711e-01 -2.683953e+00 -5.784311e-01 -2.566078e+00 -1.652732e+00 9.251693e-04 8.879241e-03 -5.961100e-02 -3.968689e-02 5.431429e-02 7.310587e-02 1.353423e-02 1.267710e-01 4.473040e-02 -5.850820e-03 -8.149098e-02 -1.778362e-02 1.090706e-02
<VARIANCE> 25
 1.275795e+01 3.583198e+01 3.120425e+01 1.323296e+01 5.943061e+01 4.637487e+01 5.325901e+01 6.541573e+01 4.113752e+01 3.166681e+01 3.024377e+01 2.030654e+01 1.065298e+00 1.558610e+00 1.616774e+00 1.375511e+00 4.963070e+00 3.744099e+00 4.457816e+00 4.054976e+00 3.497676e+00 2.920581e+00 1.865264e+00 2.211191e+00 9.934362e-01
<GCONST> 9.862247e+01
<STATE> 4
<MEAN> 25
 1.846259e+00 2.788565e+00 -1.604427e-01 -2.561378e+00 9.896503e-01 2.750200e+00 -8.046407e-01 -9.587103e-01 2.419422e+00 6.395653e-01 -5.052896e-02 -3.848920e-01 4.805128e-02 -7.925851e-02 -4.185399e-02 2.449111e-02 9.475035e-02 -1.370343e-02 -1.004144e-01 -8.304534e-03 -7.176577e-02 5.793282e-03 4.570250e-02 2.381631e-02 -8.776857e-02
<VARIANCE> 25
 2.670694e+01 2.366109e+01 5.448090e+01 3.934129e+01 5.981406e+01 7.081483e+01 6.048236e+01 5.198322e+01 3.418758e+01 5.041386e+01 2.980805e+01 2.380014e+01 1.600261e+00 8.637190e-01 2.321079e+00 2.072546e+00 3.529930e+00 3.311695e+00 3.337508e+00 4.234444e+00 2.937103e+00 3.273773e+00 2.197322e+00 2.534137e+00 7.312970e-01
<GCONST> 1.011562e+02
~t "T_l1_i"
<ENDHMM>
~h "l1_u-l2_u+l2_i"
<BEGINHMM>
<NUMSTATES> 5
<STATE> 2
<MEAN> 25
 -1.651109e-08 -2.268430e-07 1.259320e-08 1.165062e-07 -3.503200e-08 7.789977e-08 -6.306777e-08 1.437152e-07 -9.648429e-08 -8.998416e-08 1.010382e-07 -1.644749e-08 3.964178e-03 4.991033e-03 -2.259726e-03 -8.660138e-04 -1.980516e-03 2.296586e-03 -1.050157e-04 -6.062090e-03 -3.834328e-04 3.311979e-04 1.732379e-04 -2.677502e-03 -2.030911e-03
<VARIANCE> 25
 3.382748e+01 3.628031e+01 4.600648e+01 2.294502e+01 9.100511e+01 4.563913e+01 5.834692e+01 5.632589e+01 3.456791e+01 4.004803e+01 4.066158e+01 4.632240e+01 1.656153e+00 1.407841e+00 1.798202e+00 1.585461e+00 4.502382e+00 2.970210e+00 3.744460e+00 3.177201e+00 2.837936e+00 2.797859e+00 2.639533e+00 2.465156e+00 1.004578e+00
<GCONST> 1.021376e+02
<STATE> 3
<MEAN> 25
 -1.651109e-08 -2.268430e-07 1.259320e-08 1.165062e-07 -3.503200e-08 7.789977e-08 -6.306777e-08 1.437152e-07 -9.648429e-08 -8.998416e-08 1.010382e-07 -1.644749e-08 3.964178e-03 4.991033e-03 -2.259726e-03 -8.660138e-04 -1.980516e-03 2.296586e-03 -1.050157e-04 -6.062090e-03 -3.834328e-04 3.311979e-04 1.732379e-04 -2.677502e-03 -2.030911e-03
<VARIANCE> 25
 3.382748e+01 3.628031e+01 4.600648e+01 2.294502e+01 9.100511e+01 4.563913e+01 5.834692e+01 5.632589e+01 3.456791e+01 4.004803e+01 4.066158e+01 4.632240e+01 1.656153e+00 1.407841e+00 1.798202e+00 1.585461e+00 4.502382e+00 2.970210e+00 3.744460e+00 3.177201e+00 2.837936e+00 2.797859e+00 2.639533e+00 2.465156e+00 1.004578e+00
<GCONST> 1.021376e+02
<STATE> 4
<MEAN> 25
 -1.651109e-08 -2.268430e-07 1.259320e-08 1.165062e-07 -3.503200e-08 7.789977e-08 -6.306777e-08 1.437152e-07 -9.648429e-08 -8.998416e-08 1.010382e-07 -1.644749e-08 3.964178e-03 4.991033e-03 -2.259726e-03 -8.660138e-04 -1.980516e-03 2.296586e-03 -1.050157e-04 -6.062090e-03 -3.834328e-04 3.311979e-04 1.732379e-04 -2.677502e-03 -2.030911e-03
<VARIANCE> 25
 3.382748e+01 3.628031e+01 4.600648e+01 2.294502e+01 9.100511e+01 4.563913e+01 5.834692e+01 5.632589e+01 3.456791e+01 4.004803e+01 4.066158e+01 4.632240e+01 1.656153e+00 1.407841e+00 1.798202e+00 1.585461e+00 4.502382e+00 2.970210e+00 3.744460e+00 3.177201e+00 2.837936e+00 2.797859e+00 2.639533e+00 2.465156e+00 1.004578e+00
<GCONST> 1.021376e+02
~t "T_l2_u"
<ENDHMM>
~h "l4_u-l5_u+l5_i"
<BEGINHMM>
<NUMSTATES> 5
<STATE> 2
<MEAN> 25
 -1.651109e-08 -2.268430e-07 1.259320e-08 1.165062e-07 -3.503200e-08 7.789977e-08 -6.306777e-08 1.437152e-07 -9.648429e-08 -8.998416e-08 1.010382e-07 -1.644749e-08 3.964178e-03 4.991033e-03 -2.259726e-03 -8.660138e-04 -1.980516e-03 2.296586e-03 -1.050157e-04 -6.062090e-03 -3.834328e-04 3.311979e-04 1.732379e-04 -2.677502e-03 -2.030911e-03
<VARIANCE> 25
 3.382748e+01 3.628031e+01 4.600648e+01 2.294502e+01 9.100511e+01 4.563913e+01 5.834692e+01 5.632589e+01 3.456791e+01 4.004803e+01 4.066158e+01 4.632240e+01 1.656153e+00 1.407841e+00 1.798202e+00 1.585461e+00 4.502382e+00 2.970210e+00 3.744460e+00 3.177201e+00 2.837936e+00 2.797859e+00 2.639533e+00 2.465156e+00 1.004578e+00
<GCONST> 1.021376e+02
<STATE> 3
<MEAN> 25
 -1.651109e-08 -2.268430e-07 1.259320e-08 1.165062e-07 -3.503200e-08 7.789977e-08 -6.306777e-08 1.437152e-07 -9.648429e-08 -8.998416e-08 1.010382e-07 -1.644749e-08 3.964178e-03 4.991033e-03 -2.259726e-03 -8.660138e-04 -1.980516e-03 2.296586e-03 -1.050157e-04 -6.062090e-03 -3.834328e-04 3.311979e-04 1.732379e-04 -2.677502e-03 -2.030911e-03
<VARIANCE> 25
 3.382748e+01 3.628031e+01 4.600648e+01 2.294502e+01 9.100511e+01 4.563913e+01 5.834692e+01 5.632589e+01 3.456791e+01 4.004803e+01 4.066158e+01 4.632240e+01 1.656153e+00 1.407841e+00 1.798202e+00 1.585461e+00 4.502382e+00 2.970210e+00 3.744460e+00 3.177201e+00 2.837936e+00 2.797859e+00 2.639533e+00 2.465156e+00 1.004578e+00
<GCONST> 1.021376e+02
<STATE> 4
<MEAN> 25
 -1.651109e-08 -2.268430e-07 1.259320e-08 1.165062e-07 -3.503200e-08 7.789977e-08 -6.306777e-08 1.437152e-07 -9.648429e-08 -8.998416e-08 1.010382e-07 -1.644749e-08 3.964178e-03 4.991033e-03 -2.259726e-03 -8.660138e-04 -1.980516e-03 2.296586e-03 -1.050157e-04 -6.062090e-03 -3.834328e-04 3.311979e-04 1.732379e-04 -2.677502e-03 -2.030911e-03
<VARIANCE> 25
 3.382748e+01 3.628031e+01 4.600648e+01 2.294502e+01 9.100511e+01 4.563913e+01 5.834692e+01 5.632589e+01 3.456791e+01 4.004803e+01 4.066158e+01 4.632240e+01 1.656153e+00 1.407841e+00 1.798202e+00 1.585461e+00 4.502382e+00 2.970210e+00 3.744460e+00 3.177201e+00 2.837936e+00 2.797859e+00 2.639533e+00 2.465156e+00 1.004578e+00
<GCONST> 1.021376e+02
~t "T_l5_u"
<ENDHMM>
~h "l3_i-l4_i+l4_u"
<BEGINHMM>
<NUMSTATES> 5
<STATE> 2
<MEAN> 25
 -1.651109e-08 -2.268430e-07 1.259320e-08 1.165062e-07 -3.503200e-08 7.789977e-08 -6.306777e-08 1.437152e-07 -9.648429e-08 -8.998416e-08 1.010382e-07 -1.644749e-08 3.964178e-03 4.991033e-03 -2.259726e-03 -8.660138e-04 -1.980516e-03 2.296586e-03 -1.050157e-04 -6.062090e-03 -3.834328e-04 3.311979e-04 1.732379e-04 -2.677502e-03 -2.030911e-03
<VARIANCE> 25
 3.382748e+01 3.628031e+01 4.600648e+01 2.294502e+01 9.100511e+01 4.563913e+01 5.834692e+01 5.632589e+01 3.456791e+01 4.004803e+01 4.066158e+01 4.632240e+01 1.656153e+00 1.407841e+00 1.798202e+00 1.585461e+00 4.502382e+00 2.970210e+00 3.744460e+00 3.177201e+00 2.837936e+00 2.797859e+00 2.639533e+00 2.465156e+00 1.004578e+00
<GCONST> 1.021376e+02
<STATE> 3
<MEAN> 25
 -1.651109e-08 -2.268430e-07 1.259320e-08 1.165062e-07 -3.503200e-08 7.789977e-08 -6.306777e-08 1.437152e-07 -9.648429e-08 -8.998416e-08 1.010382e-07 -1.644749e-08 3.964178e-03 4.991033e-03 -2.259726e-03 -8.660138e-04 -1.980516e-03 2.296586e-03 -1.050157e-04 -6.062090e-03 -3.834328e-04 3.311979e-04 1.732379e-04 -2.677502e-03 -2.030911e-03
<VARIANCE> 25
 3.382748e+01 3.628031e+01 4.600648e+01 2.294502e+01 9.100511e+01 4.563913e+01 5.834692e+01 5.632589e+01 3.456791e+01 4.004803e+01 4.066158e+01 4.632240e+01 1.656153e+00 1.407841e+00 1.798202e+00 1.585461e+00 4.502382e+00 2.970210e+00 3.744460e+00 3.177201e+00 2.837936e+00 2.797859e+00 2.639533e+00 2.465156e+00 1.004578e+00
<GCONST> 1.021376e+02
<STATE> 4
<MEAN> 25
 -1.651109e-08 -2.268430e-07 1.259320e-08 1.165062e-07 -3.503200e-08 7.789977e-08 -6.306777e-08 1.437152e-07 -9.648429e-08 -8.998416e-08 1.010382e-07 -1.644749e-08 3.964178e-03 4.991033e-03 -2.259726e-03 -8.660138e-04 -1.980516e-03 2.296586e-03 -1.050157e-04 -6.062090e-03 -3.834328e-04 3.311979e-04 1.732379e-04 -2.677502e-03 -2.030911e-03
<VARIANCE> 25
 3.382748e+01 3.628031e+01 4.600648e+01 2.294502e+01 9.100511e+01 4.563913e+01 5.834692e+01 5.632589e+01 3.456791e+01 4.004803e+01 4.066158e+01 4.632240e+01 1.656153e+00 1.407841e+00 1.798202e+00 1.585461e+00 4.502382e+00 2.970210e+00 3.744460e+00 3.177201e+00 2.837936e+00 2.797859e+00 2.639533e+00 2.465156e+00 1.004578e+00
<GCONST> 1.021376e+02
~t "T_l4_i"
<ENDHMM>
