~o
<STREAMINFO> 1 25
<VECSIZE> 25<NULLD><MFCC_D_N_Z_0><DIAGC>
~h "l1_i"
<BEGINHMM>
<NUMSTATES> 5
<STATE> 2
<MEAN> 25
 2.999039e+00 -2.292510e+00 -7.510841e+00 -5.965519e+00 3.566177e+00 6.804715e+00 -1.585353e-01 -5.035219e+00 1.944983e+00 -6.167232e-01 -1.706587e+00 -1.395350e+00 5.176801e-03 -7.148325e-02 -4.872019e-02 -5.510546e-02 4.423194e-02 -3.346264e-02 -1.879027e-02 3.944645e-02 6.983098e-02 1.048005e-01 -1.770568e-02 -4.101257e-02 -1.971416e-03
<VARIANCE> 25
 2.683012e+01 3.864021e+01 2.752163e+01 6.268180e+01 4.917717e+01 5.802151e+01 4.027298e+01 5.145570e+01 4.122948e+01 3.479297e+01 3.643703e+01 3.436351e+01 1.831303e+00 2.144129e+00 1.871043e+00 3.266509e+00 2.643938e+00 3.709195e+00 2.976637e+00 3.652635e+00 3.231074e+00 2.611013e+00 2.331238e+00 2.560072e+00 1.789680e+00
<GCONST> 1.026859e+02
<STATE> 3
<MEAN> 25
 7.745155e-01 -6.932861e-01 -1.809509e+00 -1.035991e+00 4.062642e-01 -1.135164e+00 -6.337352e-01 1.640129e-02 3.289800e+00 9.681007e-01 -9.787889e-01 -1.075297e+00 -7.963544e-02 4.845454e-02 1.408708e-01 1.124315e-01 -9.968811e-02 -7.089703e-02 3.774898e-02 6.310305e-02 5.797504e-03 -3.819929e-02 7.712980e-02 9.789376e-02 2.839046e-03
<VARIANCE> 25
 5.631541e+01 5.404446e+01 3.562930e+01 3.495535e+01 4.039365e+01 5.730976e+01 4.019152e+01 4.094970e+01 5.421824e+01 3.219014e+01 3.604063e+01 3.004216e+01 4.480118e+00 4.167536e+00 2.420293e+00 2.860654e+00 3.682170e+00 4.598855e+00 3.995476e+00 4.034060e+00 5.201475e+00 3.104880e+00 3.675243e+00 3.016104e+00 2.440487e+00
<GCONST> 1.072509e+02
<STATE> 4
<MEAN> 25
 3.601499e-01 1.122953e+00 2.309884e+00 6.388007e-01 -1.941591e+00 -7.833669e-01 -1.069258e+00 -8.330863e-01 -4.408639e-01 3.919363e-01 4.490542e-01 7.155439e-02 -5.524253e-02 3.651755e-02 -8.159680e-03 6.723465e-03 3.342294e-02 6.441532e-03 2.611722e-02 9.282639e-03 -4.548570e-03 -3.665859e-03 1.695004e-03 5.065902e-03 -1.850995e-02
<VARIANCE> 25
 4.842496e+01 4.031810e+01 5.817490e+01 3.126361e+01 7.595815e+01 4.414799e+01 4.063302e+01 6.873917e+01 4.536826e+01 3.906065e+01 2.854481e+01 2.667372e+01 2.700258e+00 1.840766e+00 2.173959e+00 1.918800e+00 3.460264e+00 2.598748e+00 2.738992e+00 3.630851e+00 2.760790e+00 2.736161e+00 2.224243e+00 2.019415e+00 1.218453e+00
<GCONST> 1.024445e+02
<TRANSP> 5
 0.000000e+00 1.000000e+00 0.000000e+00 0.000000e+00 0.000000e+00
 0.000000e+00 9.797837e-01 2.021633e-02 0.000000e+00 0.000000e+00
 0.000000e+00 0.000000e+00 9.721386e-01 2.786147e-02 0.000000e+00
 0.000000e+00 0.000000e+00 0.000000e+00 9.921244e-01 7.875530e-03
 0.000000e+00 0.000000e+00 0.000000e+00 0.000000e+00 0.000000e+00
<ENDHMM>
~h "l1_u"
<BEGINHMM>
<NUMSTATES> 5
<STATE> 2
<MEAN> 25
 -3.371454e+00 -3.883188e-01 7.650614e-01 3.421198e+00 -2.171191e+00 -5.952743e+00 1.220420e+00 -8.866827e-01 9.172031e-01 -1.104007e+00 3.600878e+00 8.848736e+00 1.127338e-01 3.892305e-02 -1.368937e-01 -4.470270e-02 1.963416e-01 -8.174259e-02 1.720965e-01 1.669162e-01 2.096150e-01 3.982124e-02 -3.096673e-01 1.746515e-01 -4.461532e-02
<VARIANCE> 25
 1.564229e+01 3.863112e+01 2.693084e+01 1.370906e+01 7.719930e+01 3.332719e+01 1.036896e+02 4.813216e+01 2.472385e+01 4.452432e+01 4.269559e+01 3.764694e+01 8.603865e-01 1.317232e+00 1.298560e+00 1.354393e+00 2.454498e+00 1.787364e+00 5.188958e+00 3.665428e+00 2.245288e+00 2.818797e+00 3.019402e+00 2.950728e+00 3.904953e-01
<GCONST> 9.722237e+01
<STATE> 3
<MEAN> 25
 3.901959e+00 -1.829658e+00 -3.123493e+00 1.413078e+00 -3.079071e+00 -2.339350e+00 1.520740e+00 2.597780e-01 2.011792e+00 9.041188e-01 -3.497653e+00 1.303888e+00 3.454516e-01 2.214633e-02 -2.856075e-01 -7.051592e-02 1.955774e-01 2.448889e-01 -4.973533e-01 -4.076895e-01 -3.998395e-03 1.428576e-01 2.688666e-01 -6.105552e-01 -2.443364e-01
<VARIANCE> 25
 1.318675e+01 1.571476e+01 2.124761e+01 1.976119e+01 1.199397e+01 6.825896e+01 7.078510e+01 3.764942e+01 3.216808e+01 3.121100e+01 5.716157e+01 6.539977e+01 4.613661e-01 1.325381e+00 8.318829e-01 1.148710e+00 1.239078e+00 2.195455e+00 2.572423e+00 2.169222e+00 2.253170e+00 2.084132e+00 2.368011e+00 1.593927e+00 2.224092e-01
<GCONST> 9.060893e+01
<STATE> 4
<MEAN> 25
 1.846342e+00 1.037981e+00 -1.188195e+00 -9.338785e-01 -1.053190e+00 5.734637e-01 8.660516e-02 -3.297822e+00 -1.095703e+00 8.506397e-01 -1.560191e+00 -2.698037e+00 -5.640590e-02 6.060250e-03 1.480343e-02 2.670292e-03 -4.326772e-03 4.938277e-02 2.774131e-02 4.192387e-02 -2.838028e-02 -5.532460e-02 -4.543202e-02 3.394180e-02 -1.555010e-02
<VARIANCE> 25
 2.717862e+01 2.148955e+01 3.213410e+01 2.091922e+01 9.755688e+01 4.826252e+01 7.394336e+01 5.118746e+01 5.696891e+01 4.821579e+01 3.242928e+01 5.608758e+01 1.205094e+00 1.010823e+00 1.643561e+00 1.887036e+00 4.139627e+00 3.215518e+00 4.232099e+00 3.705133e+00 3.342739e+00 2.830043e+00 2.782225e+00 2.768969e+00 8.167567e-01
<GCONST> 1.017042e+02
<TRANSP> 5
 0.000000e+00 1.000000e+00 0.000000e+00 0.000000e+00 0.000000e+00
 0.000000e+00 9.643186e-01 3.568142e-02 0.000000e+00 0.000000e+00
 0.000000e+00 0.000000e+00 9.431074e-01 5.689252e-02 0.000000e+00
 0.000000e+00 0.000000e+00 0.000000e+00 9.911146e-01 8.885426e-03
 0.000000e+00 0.000000e+00 0.000000e+00 0.000000e+00 0.000000e+00
<ENDHMM>
~h "l2_i"
<BEGINHMM>
<NUMSTATES> 5
<STATE> 2
<MEAN> 25
 2.197483e+00 -3.644175e+00 -9.196731e-01 5.896201e-01 -2.051891e+00 -1.278393e+00 1.726496e-02 -8.404014e-01 2.618142e-01 -1.424285e+00 -1.649464e+00 7.283378e-02 1.539074e-01 -1.523854e-01 -7.321919e-02 -6.122608e-02 -1.006996e-01 1.898221e-02 -7.155617e-02 -8.094301e-02 2.232629e-01 -1.005701e-01 -1.420172e-01 -4.100361e-02 4.297611e-01
<VARIANCE> 25
 1.914884e+01 3.284373e+01 4.087191e+01 3.527295e+01 6.959508e+01 5.223753e+01 4.454258e+01 8.085189e+01 6.384675e+01 5.074161e+01 3.802304e+01 3.414481e+01 2.039521e+00 2.097831e+00 2.697856e+00 3.182244e+00 5.230939e+00 4.771578e+00 5.214650e+00 6.222504e+00 5.295044e+00 3.911266e+00 4.208717e+00 3.392140e+00 6.418503e+00
<GCONST> 1.091531e+02
<STATE> 3
<MEAN> 25
 3.604342e+00 -2.199348e+00 -1.151667e+00 -7.865508e-01 -1.542268e+00 1.182756e-01 -1.042331e+00 -3.636127e+00 1.522563e+00 -3.730696e+00 -1.950762e+00 -3.126295e+00 -5.472226e-02 1.097750e-01 7.824827e-02 4.962169e-02 -2.488215e-02 -5.597919e-04 -4.503521e-02 2.458483e-03 -3.160778e-02 2.095135e-02 5.754076e-02 1.404335e-02 -1.362360e-01
<VARIANCE> 25
 9.963521e+00 2.702272e+01 4.331548e+01 3.592343e+01 4.451166e+01 6.101144e+01 3.602982e+01 5.260952e+01 4.595334e+01 4.159532e+01 4.015342e+01 3.882707e+01 8.319569e-01 1.576950e+00 1.597955e+00 2.751806e+00 3.044315e+00 3.597273e+00 2.658805e+00 4.256885e+00 3.038665e+00 2.853076e+00 2.995114e+00 2.322843e+00 2.189909e+00
<GCONST> 1.007098e+02
<STATE> 4
<MEAN> 25
 1.941199e-01 4.601907e-01 2.649122e-01 -4.328441e-01 2.422579e-01 1.175827e+00 -1.757167e+00 -3.696571e-01 6.869012e-01 -1.005674e-01 6.645950e-01 -5.893871e-03 -4.058758e-02 1.986062e-02 -2.046335e-02 -4.882803e-04 4.254321e-02 1.320405e-02 -3.762383e-03 3.230634e-02 -1.459640e-03 1.446564e-02 2.444338e-03 2.087838e-02 -6.185017e-04
<VARIANCE> 25
 7.307963e+01 4.504062e+01 4.283065e+01 5.886882e+01 6.199594e+01 8.214724e+01 4.752614e+01 6.190282e+01 5.359993e+01 3.341169e+01 3.040299e+01 3.078803e+01 4.193054e+00 2.762940e+00 2.440163e+00 3.020171e+00 4.040134e+00 3.913242e+00 3.562742e+00 3.674030e+00 4.066676e+00 2.668103e+00 2.413154e+00 2.364374e+00 2.389767e+00
<GCONST> 1.075096e+02
<TRANSP> 5
 0.000000e+00 1.000000e+00 0.000000e+00 0.000000e+00 0.000000e+00
 0.000000e+00 9.488786e-01 5.112134e-02 0.000000e+00 0.000000e+00
 0.000000e+00 0.000000e+00 9.720825e-01 2.791754e-02 0.000000e+00
 0.000000e+00 0.000000e+00 0.000000e+00 9.939852e-01 6.014750e-03
 0.000000e+00 0.000000e+00 0.000000e+00 0.000000e+00 0.000000e+00
<ENDHMM>
~h "l2_u"
<BEGINHMM>
<NUMSTATES> 5
<STATE> 2
<MEAN> 25
 1.914612e+00 -2.971173e+00 -4.222715e+00 -5.323133e-01 1.330807e+00 -1.367964e+00 -2.530693e+00 -1.501274e+00 -1.105656e+00 -4.564659e-01 -4.317520e+00 -1.344231e+00 1.100563e-01 -6.621154e-02 -7.826377e-02 -6.352286e-02 3.512204e-03 -2.951069e-02 -5.411153e-02 -1.695147e-01 -6.777189e-02 7.180303e-02 -2.876852e-02 -4.204257e-02 -9.504971e-02
<VARIANCE> 25
 1.674103e+01 4.364491e+01 6.040700e+01 3.218356e+01 6.010947e+01 6.520112e+01 2.514781e+01 7.113666e+01 8.164780e+01 8.970259e+01 4.655611e+01 2.382685e+01 1.168737e+00 2.012006e+00 2.594340e+00 1.781096e+00 3.692651e+00 3.623956e+00 1.946601e+00 5.561184e+00 4.060191e+00 4.561081e+00 4.190823e+00 1.642674e+00 9.462816e-01
<GCONST> 1.039411e+02
<STATE> 3
<MEAN> 25
 2.255829e+00 -9.723999e-01 -8.030569e-01 -4.530512e+00 -2.568941e+00 7.568779e-01 -1.671119e+00 -7.177909e+00 -1.162436e+00 6.111529e-01 -4.464909e-01 -1.861528e+00 -5.910172e-02 1.844794e-01 6.838392e-02 1.138775e-01 7.810400e-02 1.353652e-01 1.046115e-01 -3.968041e-03 9.564716e-02 -1.191478e-01 5.004796e-02 5.896580e-02 -1.539699e-01
<VARIANCE> 25
 2.404442e+01 3.585386e+01 4.637951e+01 6.395087e+01 4.788268e+01 9.281377e+01 5.299272e+01 5.080284e+01 4.148787e+01 6.016740e+01 5.066084e+01 3.993768e+01 1.842788e+00 2.725482e+00 2.738926e+00 3.575469e+00 3.590035e+00 5.204555e+00 4.218410e+00 4.415414e+00 3.549497e+00 3.661032e+00 4.431217e+00 3.798923e+00 1.451208e+00
<GCONST> 1.079419e+02
<STATE> 4
<MEAN> 25
 -7.719114e-02 2.783296e-01 2.903765e-01 -1.239208e-01 -1.085346e-01 -8.090012e-02 3.423697e-01 4.292181e-01 1.127842e-01 -1.570341e-01 -2.062654e-02 -4.547639e-01 -9.776500e-03 -9.025744e-03 -2.137802e-02 -1.180288e-02 2.609340e-02 2.180825e-03 9.960082e-03 2.923260e-02 1.864139e-02 1.275139e-02 1.026259e-02 1.123296e-02 2.328008e-04
<VARIANCE> 25
 6.811581e+01 4.832752e+01 5.498127e+01 4.722092e+01 4.739107e+01 6.656492e+01 6.660356e+01 5.192042e+01 5.509256e+01 2.617760e+01 3.138398e+01 2.700122e+01 4.660368e+00 3.714051e+00 2.765637e+00 2.775457e+00 3.491743e+00 4.662617e+00 4.457305e+00 3.321337e+00 4.247613e+00 2.388086e+00 2.324296e+00 2.424639e+00 1.520650e+00
<GCONST> 1.069684e+02
<TRANSP> 5
 0.000000e+00 1.000000e+00 0.000000e+00 0.000000e+00 0.000000e+00
 0.000000e+00 9.723491e-01 2.765090e-02 0.000000e+00 0.000000e+00
 0.000000e+00 0.000000e+00 9.612556e-01 3.874442e-02 0.000000e+00
 0.000000e+00 0.000000e+00 0.000000e+00 9.954126e-01 4.587409e-03
 0.000000e+00 0.000000e+00 0.000000e+00 0.000000e+00 0.000000e+00
<ENDHMM>
~h "l3_i"
<BEGINHMM>
<NUMSTATES> 5
<STATE> 2
<MEAN> 25
 -3.721963e+00 -2.854856e+00 -2.577841e+00 -1.807813e+00 3.272992e+00 -2.203648e+00 -1.867945e+00 1.239128e+00 -1.425149e+00 -3.017212e+00 -4.418265e+00 -1.433650e+00 1.096802e-01 -1.902304e-01 -7.913274e-02 -1.520995e-01 1.105336e-01 -4.914358e-02 -2.153292e-02 2.668291e-02 7.592918e-02 -1.100584e-01 -1.583451e-01 -7.415460e-02 2.744198e-01
<VARIANCE> 25
 7.651492e+01 4.082717e+01 3.839942e+01 3.806427e+01 7.628481e+01 6.179504e+01 3.446777e+01 5.633072e+01 4.870832e+01 3.171456e+01 3.821286e+01 3.671217e+01 4.684653e+00 3.102679e+00 2.470148e+00 3.028101e+00 4.297427e+00 4.055214e+00 3.311582e+00 4.083334e+00 3.428113e+00 2.467197e+00 3.327103e+00 3.293303e+00 3.686650e+00
<GCONST> 1.078845e+02
<STATE> 3
<MEAN> 25
 2.415130e+00 -3.086399e+00 -4.285069e+00 -2.504643e+00 8.916291e-01 1.127711e+00 1.357085e-02 -9.138963e-01 1.535790e+00 -2.661181e+00 -2.380100e+00 -6.414486e-01 1.606315e-02 1.819868e-01 6.144167e-02 2.742004e-02 -7.101938e-02 5.420277e-02 2.633998e-02 -1.298745e-01 -3.477296e-02 3.949647e-02 5.875478e-02 3.972307e-02 -1.094093e-01
<VARIANCE> 25
 2.720104e+01 3.880088e+01 2.483150e+01 3.695997e+01 5.012153e+01 8.448125e+01 4.881472e+01 6.907281e+01 3.923349e+01 3.138578e+01 4.228762e+01 3.839049e+01 1.799471e+00 2.105767e+00 1.369616e+00 2.249492e+00 2.783342e+00 3.756845e+00 3.161900e+00 3.938543e+00 2.744014e+00 2.156405e+00 2.579918e+00 2.011663e+00 1.818882e+00
<GCONST> 1.020624e+02
<STATE> 4
<MEAN> 25
 3.942280e-01 1.171785e+00 1.083122e+00 -7.166848e-02 -1.516424e+00 1.705974e-03 4.544034e-01 -1.015777e+00 1.281157e-01 6.667479e-01 1.843280e-01 -3.955020e-01 -2.236316e-02 -1.571939e-02 -7.534273e-03 -1.296775e-03 1.881423e-02 7.311621e-03 9.820279e-03 2.887193e-02 3.678771e-04 6.579021e-03 -4.409170e-03 4.689177e-03 -1.733179e-02
<VARIANCE> 25
 5.202361e+01 3.337645e+01 4.024383e+01 3.145092e+01 6.319699e+01 5.145456e+01 5.267273e+01 5.513222e+01 4.676198e+01 3.325911e+01 3.667662e+01 4.044646e+01 3.158712e+00 1.997193e+00 1.973435e+00 2.217221e+00 3.199009e+00 3.280891e+00 3.663355e+00 3.806452e+00 3.309106e+00 2.850026e+00 2.881982e+00 2.503108e+00 3.216177e+00
<GCONST> 1.049544e+02
<TRANSP> 5
 0.000000e+00 1.000000e+00 0.000000e+00 0.000000e+00 0.000000e+00
 0.000000e+00 9.723383e-01 2.766170e-02 0.000000e+00 0.000000e+00
 0.000000e+00 0.000000e+00 9.811624e-01 1.883766e-02 0.000000e+00
 0.000000e+00 0.000000e+00 0.000000e+00 9.941633e-01 5.836665e-03
 0.000000e+00 0.000000e+00 0.000000e+00 0.000000e+00 0.000000e+00
<ENDHMM>
~h "l3_u"
<BEGINHMM>
<NUMSTATES> 5
<STATE> 2
<MEAN> 25
 -3.848428e+00 2.198490e+00 4.405415e+00 1.672715e+00 -3.767867e+00 -2.747797e+00 -1.182479e+00 -4.979510e+00 -5.052098e+00 1.920563e+00 -1.175120e+00 9.890075e-01 -8.259038e-02 -9.024489e-02 1.377481e-01 -1.320061e-01 -9.398325e-02 1.845896e-02 7.690564e-02 -1.016191e-01 -1.346773e-01 6.540179e-02 5.541172e-02 -6.692918e-02 1.051263e-01
<VARIANCE> 25
 4.800541e+01 4.151339e+01 4.456698e+01 2.685770e+01 6.534850e+01 4.466719e+01 5.299636e+01 4.518305e+01 6.956248e+01 3.370029e+01 4.539583e+01 9.212907e+01 3.227102e+00 2.630830e+00 2.223814e+00 1.921724e+00 5.811126e+00 3.726324e+00 4.901219e+00 4.551800e+00 5.433522e+00 2.731542e+00 3.528419e+00 5.595908e+00 1.770445e+00
<GCONST> 1.085132e+02
<STATE> 3
<MEAN> 25
 -1.674541e+00 5.572803e-01 -5.420024e-01 -3.965454e-01 5.691792e-01 7.215868e-01 1.129398e-01 -1.003447e+00 3.808087e-01 3.610938e-01 3.152449e-01 3.771683e-01 1.362036e-01 -9.121932e-02 -8.055983e-02 -3.793081e-02 1.514919e-02 -1.052281e-01 -2.741249e-02 3.186526e-02 1.127552e-01 -3.038573e-02 -2.556409e-02 -4.875255e-02 5.956739e-02
<VARIANCE> 25
 9.554309e+01 5.274220e+01 5.517830e+01 3.904662e+01 5.001635e+01 6.737977e+01 6.181166e+01 4.536129e+01 6.905681e+01 2.682218e+01 2.920830e+01 2.659409e+01 6.649211e+00 4.652414e+00 2.584112e+00 3.124189e+00 4.347824e+00 5.718402e+00 4.457626e+00 3.322327e+00 5.677135e+00 2.926083e+00 2.319183e+00 2.319117e+00 1.303216e+00
<GCONST> 1.085744e+02
<STATE> 4
<MEAN> 25
 1.288796e+00 1.849671e-01 -3.232501e-01 -5.403128e-01 2.050781e-02 -8.348862e-03 -4.842889e-01 1.236773e-01 5.101660e-01 -3.290496e-01 -2.611051e-01 -1.088462e+00 -5.433215e-03 1.168719e-02 -8.968445e-03 3.354287e-03 1.809318e-02 2.735183e-02 1.112192e-02 2.091476e-02 2.397053e-03 4.892329e-03 -9.710077e-03 2.922403e-03 -2.907299e-02
<VARIANCE> 25
 3.177868e+01 3.606082e+01 4.989884e+01 3.455368e+01 6.617200e+01 5.768501e+01 4.766126e+01 6.483308e+01 4.552268e+01 4.721268e+01 3.674714e+01 3.278245e+01 1.800058e+00 1.760699e+00 2.238504e+00 2.141667e+00 3.888199e+00 3.439627e+00 2.932719e+00 4.572997e+00 3.085140e+00 3.416234e+00 2.767433e+00 2.233807e+00 1.200687e+00
<GCONST> 1.037635e+02
<TRANSP> 5
 0.000000e+00 1.000000e+00 0.000000e+00 0.000000e+00 0.000000e+00
 0.000000e+00 9.508939e-01 4.910602e-02 0.000000e+00 0.000000e+00
 0.000000e+00 0.000000e+00 9.786015e-01 2.139851e-02 0.000000e+00
 0.000000e+00 0.000000e+00 0.000000e+00 9.953690e-01 4.631041e-03
 0.000000e+00 0.000000e+00 0.000000e+00 0.000000e+00 0.000000e+00
<ENDHMM>
~h "l4_i"
<BEGINHMM>
<NUMSTATES> 5
<STATE> 2
<MEAN> 25
 1.367097e+00 1.409150e+00 -4.903042e+00 -8.788983e+00 -2.276617e-01 7.069417e+00 1.703968e-01 -3.632365e+00 2.332405e+00 -4.947909e-01 1.429943e+00 -7.888936e-01 2.203852e-01 -1.229569e-01 -2.300230e-01 -3.615399e-01 1.903796e-01 2.599179e-01 1.574610e-01 -1.507647e-01 2.180959e-01 5.764435e-02 -4.194325e-02 -3.547363e-03 1.954918e-01
<VARIANCE> 25
 9.867051e+01 3.503945e+01 2.123049e+01 6.480966e+01 5.318686e+01 4.772320e+01 7.374908e+01 6.209183e+01 5.902476e+01 3.251919e+01 4.052060e+01 2.642228e+01 5.264405e+00 2.846166e+00 1.356112e+00 3.455276e+00 2.704698e+00 3.603645e+00 3.538002e+00 3.998936e+00 3.519623e+00 2.109042e+00 2.920757e+00 2.699043e+00 2.175502e+00
<GCONST> 1.061510e+02
<STATE> 3
<MEAN> 25
 4.737663e+00 -2.526892e+00 -5.676176e+00 -3.778579e+00 2.689368e+00 7.641978e+00 -2.067100e+00 -2.748613e+00 4.484927e+00 -6.476457e-01 4.629931e-01 -1.649784e+00 -7.371952e-02 -6.626414e-02 1.068095e-01 1.920937e-01 1.372712e-02 -1.231420e-01 2.635505e-02 1.935864e-01 -4.152922e-02 -1.058214e-01 2.459760e-02 6.278145e-02 -1.347767e-01
<VARIANCE> 25
 1.695000e+01 3.678685e+01 3.718861e+01 5.592539e+01 3.967300e+01 5.731631e+01 5.830495e+01 4.412938e+01 4.997958e+01 3.565189e+01 2.928420e+01 2.715884e+01 8.827224e-01 1.561122e+00 1.600350e+00 1.947773e+00 2.710833e+00 2.680166e+00 2.338478e+00 2.142395e+00 2.451189e+00 1.924427e+00 1.648882e+00 1.684533e+00 7.873118e-01
<GCONST> 9.715437e+01
<STATE> 4
<MEAN> 25
 1.877566e-01 1.085818e+00 1.764380e+00 5.758065e-01 -7.366143e-01 -1.460954e+00 -1.801897e-01 1.861498e-01 -1.189201e+00 4.872662e-02 3.413605e-01 -4.808160e-01 -2.771275e-02 2.009043e-02 -5.727634e-08 8.030467e-03 4.972043e-03 -6.326606e-03 5.608425e-03 -4.654157e-05 -6.967951e-03 1.120369e-02 -3.538630e-03 5.194420e-03 -1.357562e-02
<VARIANCE> 25
 6.387669e+01 3.690942e+01 4.396093e+01 3.032740e+01 6.921754e+01 5.482521e+01 4.355415e+01 5.966347e+01 4.619608e+01 3.703895e+01 3.373795e+01 2.536122e+01 3.932586e+00 2.256665e+00 2.097880e+00 2.292734e+00 4.290470e+00 3.588282e+00 3.283597e+00 4.149047e+00 3.369058e+00 2.680901e+00 2.856593e+00 2.368780e+00 3.026757e+00
<GCONST> 1.055286e+02
<TRANSP> 5
 0.000000e+00 1.000000e+00 0.000000e+00 0.000000e+00 0.000000e+00
 0.000000e+00 9.529676e-01 4.703230e-02 0.000000e+00 0.000000e+00
 0.000000e+00 0.000000e+00 9.763593e-01 2.364070e-02 0.000000e+00
 0.000000e+00 0.000000e+00 0.000000e+00 9.950781e-01 4.921875e-03
 0.000000e+00 0.000000e+00 0.000000e+00 0.000000e+00 0.000000e+00
<ENDHMM>
~h "l4_u"
<BEGINHMM>
<NUMSTATES> 5
<STATE> 2
<MEAN> 25
 -1.349491e+00 5.672920e-01 3.096043e+00 4.229103e-01 -3.471574e+00 -5.180311e+00 -2.499312e+00 7.835634e-01 -6.173131e+00 -1.355001e+00 -1.052302e+00 -2.103637e+00 1.008883e-01 -1.083043e-01 -4.930605e-02 -1.822849e-01 -1.551685e-01 -1.177870e-02 1.409233e-01 2.361233e-02 -3.546730e-02 8.305544e-02 -1.396132e-01 -3.723661e-02 1.301354e-01
<VARIANCE> 25
 3.655878e+01 3.375085e+01 4.344512e+01 3.596146e+01 6.492867e+01 5.722361e+01 3.423014e+01 9.580159e+01 6.754683e+01 4.697072e+01 5.011216e+01 3.857008e+01 3.182637e+00 2.761902e+00 3.247339e+00 3.066173e+00 6.586285e+00 5.157586e+00 3.112422e+00 6.446509e+00 6.122219e+00 2.968229e+00 3.917851e+00 4.390648e+00 4.387135e+00
<GCONST> 1.105834e+02
<STATE> 3
<MEAN> 25
 1.494033e-01 2.522427e-01 -2.625846e+00 -7.796452e+00 -5.842984e-01 5.502811e+00 3.615018e-01 -2.854192e+00 5.937969e-01 1.492491e+00 -6.274108e-01 1.292609e-01 -6.352346e-02 -1.448642e-01 -1.577406e-02 -7.856741e-02 -2.943639e-02 1.051236e-01 2.614333e-02 1.037556e-01 9.650814e-02 5.539222e-02 -7.131122e-03 6.220661e-02 1.210057e-01
<VARIANCE> 25
 7.225000e+01 2.763247e+01 3.408799e+01 6.115035e+01 5.672382e+01 7.314650e+01 4.552955e+01 9.787162e+01 4.118062e+01 3.268209e+01 4.218340e+01 3.007570e+01 4.300126e+00 2.554977e+00 2.441182e+00 5.488892e+00 2.904909e+00 5.998144e+00 4.059416e+00 5.619621e+00 3.672596e+00 3.110780e+00 3.678824e+00 2.729733e+00 2.347383e+00
<GCONST> 1.088444e+02
<STATE> 4
<MEAN> 25
 6.355630e-01 4.669928e-01 2.039090e-03 -2.192038e-01 -4.212833e-01 -2.557144e-01 4.334791e-01 -1.315975e+00 4.824698e-04 1.299445e-01 -1.872577e-01 1.430109e-01 -1.411943e-02 1.682588e-02 1.045698e-02 1.876019e-02 2.551531e-02 1.619294e-02 -4.465132e-03 -1.860975e-02 3.504286e-03 -1.435409e-02 8.938755e-03 -5.686535e-03 -2.198136e-02
<VARIANCE> 25
 3.156101e+01 4.011312e+01 5.288653e+01 2.544237e+01 9.628674e+01 5.409808e+01 5.301245e+01 6.363077e+01 3.616831e+01 4.684453e+01 5.025263e+01 7.102387e+01 1.601325e+00 1.513671e+00 2.163016e+00 1.508446e+00 4.032826e+00 3.053274e+00 3.668671e+00 3.396875e+00 2.850950e+00 2.913657e+00 3.006005e+00 2.610464e+00 8.923246e-01
<GCONST> 1.037566e+02
<TRANSP> 5
 0.000000e+00 1.000000e+00 0.000000e+00 0.000000e+00 0.000000e+00
 0.000000e+00 9.479169e-01 5.208305e-02 0.000000e+00 0.000000e+00
 0.000000e+00 0.000000e+00 9.547856e-01 4.521439e-02 0.000000e+00
 0.000000e+00 0.000000e+00 0.000000e+00 9.935185e-01 6.481526e-03
 0.000000e+00 0.000000e+00 0.000000e+00 0.000000e+00 0.000000e+00
<ENDHMM>
~h "l5_i"
<BEGINHMM>
<NUMSTATES> 5
<STATE> 2
<MEAN> 25
 5.028996e-01 -9.692451e-01 -2.500457e+00 -2.122373e+00 1.433020e+00 -9.018905e-01 -7.814468e-01 -1.847303e+00 1.636625e+00 -2.411168e-01 -2.114214e+00 -1.533201e+00 4.770961e-02 -2.563682e-02 2.495298e-02 -5.086279e-02 -4.013347e-02 4.295935e-04 2.693200e-02 -3.148183e-02 -2.252105e-02 -2.931005e-02 1.192044e-03 -5.854768e-02 -4.681867e-03
<VARIANCE> 25
 5.569054e+01 4.508953e+01 3.608271e+01 4.723558e+01 6.201562e+01 7.383546e+01 6.057024e+01 7.164342e+01 6.506940e+01 4.854612e+01 4.941821e+01 2.967547e+01 3.800146e+00 3.351458e+00 2.871758e+00 3.434099e+00 3.950139e+00 5.406352e+00 4.296772e+00 5.316352e+00 5.462977e+00 4.641736e+00 3.628700e+00 2.835700e+00 1.798525e+00
<GCONST> 1.105440e+02
<STATE> 3
<MEAN> 25
 1.617151e+00 1.002121e+00 -1.624061e-01 -1.664873e+00 7.222669e-01 2.865419e+00 8.534625e-01 -2.694719e+00 -1.251457e-01 -1.760709e-02 1.730969e+00 -1.419966e+00 -1.908932e-02 3.853666e-02 -1.064149e-02 6.002938e-02 5.442900e-02 1.459408e-02 -7.949718e-02 8.585865e-02 4.871928e-02 9.945056e-03 2.907731e-02 6.312703e-02 -4.924319e-02
<VARIANCE> 25
 4.973599e+01 4.891583e+01 4.374862e+01 6.354295e+01 4.617316e+01 8.207580e+01 4.612612e+01 6.371089e+01 5.708997e+01 2.773824e+01 3.689961e+01 2.736599e+01 3.663871e+00 3.495992e+00 2.434427e+00 2.868079e+00 3.585471e+00 4.872079e+00 3.753376e+00 3.542648e+00 4.253894e+00 2.520211e+00 2.608010e+00 2.827139e+00 1.463650e+00
<GCONST> 1.068771e+02
<STATE> 4
<MEAN> 25
 1.082203e+00 5.498304e-01 -1.892510e-02 1.329540e-01 -6.898561e-01 -3.787484e-01 1.129022e-01 -7.303659e-01 1.238575e-01 -5.459627e-01 -4.662825e-01 -4.795904e-01 -3.618632e-03 -1.537349e-03 1.841441e-03 -6.919108e-03 7.968078e-03 6.292601e-03 1.133030e-02 1.708775e-02 1.582006e-03 -4.834919e-03 -5.600759e-03 9.917790e-03 -4.730225e-03
<VARIANCE> 25
 3.303284e+01 3.993702e+01 4.811128e+01 3.087730e+01 8.024460e+01 3.827113e+01 4.821778e+01 6.648342e+01 3.804293e+01 5.268407e+01 3.741135e+01 3.571216e+01 1.870758e+00 1.768946e+00 1.884630e+00 1.813323e+00 4.140786e+00 2.620264e+00 3.133233e+00 3.385066e+00 2.699378e+00 2.962479e+00 2.338055e+00 2.295166e+00 1.316908e+00
<GCONST> 1.025439e+02
<TRANSP> 5
 0.000000e+00 1.000000e+00 0.000000e+00 0.000000e+00 0.000000e+00
 0.000000e+00 9.819070e-01 1.809298e-02 0.000000e+00 0.000000e+00
 0.000000e+00 0.000000e+00 9.742402e-01 2.575976e-02 0.000000e+00
 0.000000e+00 0.000000e+00 0.000000e+00 9.957025e-01 4.297481e-03
 0.000000e+00 0.000000e+00 0.000000e+00 0.000000e+00 0.000000e+00
<ENDHMM>
~h "l5_u"
<BEGINHMM>
<NUMSTATES> 5
<STATE> 2
<MEAN> 25
 5.470858e-01 -8.251143e-01 -1.581667e+00 -3.243933e+00 -7.708482e-01 2.767814e+00 3.366023e-01 -3.432190e-01 9.045500e-02 -3.930330e-01 -1.154706e+00 1.189185e+00 3.210353e-01 -6.712934e-02 -2.672751e-02 -3.298403e-01 -2.099850e-01 -4.020108e-02 4.724012e-02 -2.532736e-01 -8.138176e-02 1.034729e-01 -1.598496e-01 -1.579946e-01 1.914316e-01
<VARIANCE> 25
 4.045357e+01 2.790047e+01 3.424524e+01 6.146648e+01 4.381866e+01 4.855322e+01 5.601730e+01 6.684701e+01 3.378409e+01 4.215926e+01 3.830515e+01 2.276223e+01 4.207975e+00 2.777282e+00 2.820407e+00 5.502972e+00 4.295296e+00 6.512683e+00 3.937761e+00 5.457035e+00 3.543961e+00 4.866636e+00 4.030557e+00 3.395774e+00 3.379367e+00
<GCONST> 1.088319e+02
<STATE> 3
<MEAN> 25
 1.840514e+00 -9.439149e-01 2.483098e-01 -9.394962e-01 -1.856042e+00 9.857846e-01 -1.740942e+00 -3.095359e+00 -1.356327e+00 -9.250533e-02 -3.707779e-01 -9.972970e-01 1.322654e-02 1.453385e-02 -1.154144e-02 1.195845e-01 5.114080e-02 3.156491e-03 2.158828e-02 7.699040e-02 -9.281216e-03 -3.809551e-03 4.392600e-02 -1.149541e-02 -7.044221e-02
<VARIANCE> 25
 2.912505e+01 3.578289e+01 5.525516e+01 3.881854e+01 6.584096e+01 7.871359e+01 5.159770e+01 5.832145e+01 1.098126e+02 3.783313e+01 2.840742e+01 2.376721e+01 2.171174e+00 2.787156e+00 2.708419e+00 3.062706e+00 4.783309e+00 4.959436e+00 4.725897e+00 4.759964e+00 6.701829e+00 3.160348e+00 3.400501e+00 2.249816e+00 1.214388e+00
<GCONST> 1.074540e+02
<STATE> 4
<MEAN> 25
 2.877122e-02 5.282953e-02 -2.163418e-01 7.765819e-02 2.725862e-01 2.577981e-01 -9.608068e-02 6.048149e-02 2.126692e-01 -3.634619e-01 2.351735e-01 -1.244871e-01 -3.213492e-02 -5.576012e-03 -3.530084e-03 -6.087322e-03 1.558932e-02 -4.871965e-03 -9.769716e-04 2.221385e-02 1.692898e-02 1.359336e-03 -5.169968e-03 1.596061e-02 -8.118412e-03
<VARIANCE> 25
 6.554027e+01 3.277319e+01 4.297003e+01 4.234468e+01 5.136642e+01 5.207594e+01 4.472216e+01 5.563684e+01 4.554473e+01 2.860244e+01 3.906150e+01 2.677155e+01 3.831845e+00 2.320729e+00 2.241098e+00 3.271978e+00 3.474047e+00 3.711739e+00 3.343350e+00 4.137315e+00 3.575527e+00 2.788682e+00 2.870559e+00 2.384964e+00 3.759669e+00
<GCONST> 1.058703e+02
<TRANSP> 5
 0.000000e+00 1.000000e+00 0.000000e+00 0.000000e+00 0.000000e+00
 0.000000e+00 9.448863e-01 5.511362e-02 0.000000e+00 0.000000e+00
 0.000000e+00 0.000000e+00 9.770385e-01 2.296153e-02 0.000000e+00
 0.000000e+00 0.000000e+00 0.000000e+00 9.955857e-01 4.414261e-03
 0.000000e+00 0.000000e+00 0.000000e+00 0.000000e+00 0.000000e+00
<ENDHMM>
~h "sil"
<BEGINHMM>
<NUMSTATES> 5
<STATE> 2
<MEAN> 25
 -3.617588e+00 -3.098393e+00 -9.186869e-01 5.875818e-01 3.383909e+00 1.038741e+00 6.533267e-01 4.016544e+00 3.545878e-01 2.950934e-01 1.388075e+00 3.489880e+00 2.230059e-04 2.483213e-02 -2.589798e-02 2.220229e-02 -2.886359e-03 4.094470e-02 4.136336e-02 -2.749726e-02 -2.263800e-02 3.171856e-02 2.751760e-02 9.854798e-03 -1.036279e-01
<VARIANCE> 25
 2.635861e+01 2.831164e+01 2.359385e+01 1.895923e+01 3.128346e+01 2.591489e+01 3.168237e+01 3.436296e+01 2.456221e+01 3.001716e+01 3.146924e+01 2.551995e+01 6.256365e-01 7.741330e-01 8.572450e-01 9.857668e-01 1.478700e+00 1.556793e+00 1.906507e+00 1.874084e+00 1.716309e+00 1.804949e+00 1.716268e+00 1.548944e+00 4.474967e-01
<GCONST> 8.816554e+01
<STATE> 3
<MEAN> 25
 -2.545047e+00 -1.330845e+00 -1.340824e+00 1.145750e+00 1.883587e+00 -2.035973e-01 2.299774e+00 3.140358e+00 -9.513159e-02 -1.462628e+00 -3.438081e-01 1.941077e+00 3.562828e-01 3.413817e-02 1.898542e-01 -7.661266e-02 -3.763866e-01 -3.100210e-01 -1.412541e-01 -1.545910e-01 -6.385179e-02 -2.517630e-01 -1.047965e-01 -2.332768e-01 7.819861e-01
<VARIANCE> 25
 5.283989e+01 3.848174e+01 2.405041e+01 2.290376e+01 4.550309e+01 4.258722e+01 3.723583e+01 3.074748e+01 3.020345e+01 4.535494e+01 3.126073e+01 2.672226e+01 3.505316e+00 2.411741e+00 1.871762e+00 1.880081e+00 3.524791e+00 3.719584e+00 3.445568e+00 2.745984e+00 2.732062e+00 2.998880e+00 2.589793e+00 2.495150e+00 5.147862e+00
<GCONST> 1.022599e+02
<STATE> 4
<MEAN> 25
 3.692843e-01 6.564256e-01 5.298554e-01 3.055333e-01 -6.283028e-01 -3.937937e-01 -5.780160e-03 -3.111696e-01 -2.321566e-01 2.012208e-01 -3.748439e-02 -4.404158e-01 -1.261756e-02 4.030167e-03 -4.818281e-03 1.211040e-03 1.402475e-02 7.992177e-03 -3.424760e-03 7.298565e-04 5.973737e-03 1.065050e-02 4.190151e-03 5.885474e-03 -2.502974e-02
<VARIANCE> 25
 5.079176e+01 4.102201e+01 5.100167e+01 3.450533e+01 6.642131e+01 5.464426e+01 4.617862e+01 6.356232e+01 4.686250e+01 3.797953e+01 3.533008e+01 3.190618e+01 2.878950e+00 2.306139e+00 2.273341e+00 2.235052e+00 3.841217e+00 3.477714e+00 3.212867e+00 4.004346e+00 3.331736e+00 2.842900e+00 2.601359e+00 2.394228e+00 1.854466e+00
<GCONST> 1.051152e+02
<TRANSP> 5
 0.000000e+00 1.000000e+00 0.000000e+00 0.000000e+00 0.000000e+00
 0.000000e+00 9.706246e-01 2.937539e-02 0.000000e+00 0.000000e+00
 0.000000e+00 0.000000e+00 9.041860e-01 9.581392e-02 0.000000e+00
 0.000000e+00 0.000000e+00 0.000000e+00 9.936910e-01 6.308991e-03
 0.000000e+00 0.000000e+00 0.000000e+00 0.000000e+00 0.000000e+00
<ENDHMM>
~h "sp"
<BEGINHMM>
<NUMSTATES> 3
<STATE> 2
<MEAN> 25
 -2.545047e+00 -1.330845e+00 -1.340824e+00 1.145750e+00 1.883587e+00 -2.035973e-01 2.299774e+00 3.140358e+00 -9.513159e-02 -1.462628e+00 -3.438081e-01 1.941077e+00 3.562828e-01 3.413817e-02 1.898542e-01 -7.661266e-02 -3.763866e-01 -3.100210e-01 -1.412541e-01 -1.545910e-01 -6.385179e-02 -2.517630e-01 -1.047965e-01 -2.332768e-01 7.819861e-01
<VARIANCE> 25
 5.283989e+01 3.848174e+01 2.405041e+01 2.290376e+01 4.550309e+01 4.258722e+01 3.723583e+01 3.074748e+01 3.020345e+01 4.535494e+01 3.126073e+01 2.672226e+01 3.505316e+00 2.411741e+00 1.871762e+00 1.880081e+00 3.524791e+00 3.719584e+00 3.445568e+00 2.745984e+00 2.732062e+00 2.998880e+00 2.589793e+00 2.495150e+00 5.147862e+00
<GCONST> 1.022599e+02
<TRANSP> 3
 0.000000e+00 1.000000e+00 0.000000e+00
 0.000000e+00 9.706246e-01 2.937539e-02
 0.000000e+00 0.000000e+00 9.041860e-01
<ENDHMM>


