~o
<STREAMINFO> 1 25
<VECSIZE> 25<NULLD><MFCC_D_N_Z_0><DIAGC>
~s "silst"
<MEAN> 25
 -2.882114e+00 3.909857e+00 -3.364192e+00 1.963348e+00 -6.337493e-01 1.341850e+00 2.779976e-01 1.174372e-01 -7.855283e-01 2.705489e-01 6.787301e-01 -6.063047e-01 -1.028763e-01 6.408468e-03 -2.381694e-02 8.721694e-02 -1.732172e-02 4.064564e-02 -1.094961e-02 -2.306143e-02 -4.483488e-02 1.586931e-02 -9.504848e-03 -4.161759e-02 3.381136e-01
<VARIANCE> 25
 1.178052e+01 1.104725e+01 1.401223e+01 1.336599e+01 1.622062e+01 1.418701e+01 1.383122e+01 1.407349e+01 1.225694e+01 1.094065e+01 8.910089e+00 1.088097e+01 4.137160e-01 6.684599e-01 6.157622e-01 7.293515e-01 8.664256e-01 9.456878e-01 1.032206e+00 1.104758e+00 1.077114e+00 1.004387e+00 8.972678e-01 8.836632e-01 2.112895e+00
<GCONST> 7.467173e+01
~h "ek"
<BEGINHMM>
<NUMSTATES> 5
<STATE> 2
<MEAN> 25
 -1.896680e+00 2.178731e+00 -3.690961e+00 1.939309e-01 -3.529174e+00 3.265213e+00 3.076943e+00 1.971914e+00 1.052062e-01 7.287554e-01 1.356634e+00 2.095119e+00 -1.746793e-03 5.476006e-02 -1.255248e-02 -3.419490e-02 -1.229636e-02 -1.065681e-02 -1.116272e-02 7.477234e-03 -3.294063e-03 -2.055046e-02 -8.398887e-03 -1.097054e-02 1.310212e-02
<VARIANCE> 25
 2.959514e+00 9.895438e+00 7.273365e+00 6.096937e+00 7.799784e+00 1.307792e+01 1.042575e+01 8.752421e+00 9.933760e+00 1.161882e+01 8.240553e+00 7.951156e+00 1.682897e-01 7.000049e-01 4.440767e-01 5.791336e-01 7.722436e-01 9.550924e-01 1.091424e+00 8.787137e-01 9.961206e-01 1.285724e+00 9.090139e-01 7.741572e-01 2.119459e-01
<GCONST> 6.568733e+01
<STATE> 3
<MEAN> 25
 -3.321425e+00 2.199803e+00 -2.762842e+00 -2.567327e+00 -1.660995e+00 3.010099e+00 2.058484e-01 3.702399e+00 7.440501e-01 -1.765192e-01 -3.829753e-01 2.576102e+00 -2.014705e-01 -1.017485e+00 1.175684e+00 2.220804e-01 1.769559e+00 -1.362562e+00 -1.829012e+00 -6.268274e-01 3.435437e-01 1.898372e-01 -8.127425e-01 -5.297866e-01 1.403561e+00
<VARIANCE> 25
 5.580346e+00 5.893947e+00 5.828015e+00 7.902377e+00 1.333286e+01 1.272935e+01 8.200641e+00 4.367204e+00 6.320402e+00 2.938936e+00 5.974064e+00 8.498967e+00 1.127127e+00 1.655054e+00 4.975455e-01 1.295914e+00 2.005147e+00 1.755863e+00 9.527993e-01 3.525661e+00 3.722594e-01 1.581474e+00 4.271791e-01 1.019106e+00 9.852233e-01
<GCONST> 7.011036e+01
<STATE> 4
<MEAN> 25
 5.284598e+00 -7.413037e+00 1.384695e+01 1.169977e+00 1.375120e+01 -1.311017e+01 -1.081101e+01 -7.174416e+00 4.021175e-01 -2.526656e-01 -3.490047e+00 -6.799702e+00 4.867362e-01 -4.379626e-01 6.272461e-01 9.496282e-03 6.675333e-01 -4.014850e-01 -1.440392e-01 -2.995071e-01 -2.124638e-01 2.612346e-01 -7.429945e-02 -3.418341e-01 2.527311e-01
<VARIANCE> 25
 6.724508e+01 5.969463e+01 4.137336e+01 4.449822e+01 4.909349e+01 4.596414e+01 4.172628e+01 7.072450e+01 4.249171e+01 5.055747e+01 3.357280e+01 3.831351e+01 1.453987e+00 1.811692e+00 1.831547e+00 1.878431e+00 2.362436e+00 3.668500e+00 2.734833e+00 3.967553e+00 3.398307e+00 2.958879e+00 1.878785e+00 2.102894e+00 2.982397e+00
<GCONST> 1.038287e+02
<TRANSP> 5
 0.000000e+00 1.000000e+00 0.000000e+00 0.000000e+00 0.000000e+00
 0.000000e+00 9.890305e-01 1.096941e-02 0.000000e+00 0.000000e+00
 0.000000e+00 0.000000e+00 7.132665e-01 2.867335e-01 0.000000e+00
 0.000000e+00 0.000000e+00 0.000000e+00 9.657469e-01 3.425315e-02
 0.000000e+00 0.000000e+00 0.000000e+00 0.000000e+00 0.000000e+00
<ENDHMM>
~h "sp"
<BEGINHMM>
<NUMSTATES> 3
<STATE> 2
~s "silst"
<TRANSP> 3
 0.000000e+00 4.636262e-02 9.536374e-01
 0.000000e+00 9.456473e-01 5.435274e-02
 0.000000e+00 0.000000e+00 0.000000e+00
<ENDHMM>
~h "saat"
<BEGINHMM>
<NUMSTATES> 5
<STATE> 2
<MEAN> 25
 -1.616470e+00 4.153869e+00 -4.378784e+00 3.645384e+00 7.996507e-01 4.689588e-01 -6.961581e-01 6.898782e-01 -1.485666e+00 -1.144398e-01 -6.267080e-01 -1.728990e+00 -7.327608e-03 -1.723833e-02 -5.839104e-03 5.561783e-03 -6.447272e-03 2.751257e-04 4.219431e-03 -1.014010e-02 5.801727e-03 9.487092e-03 5.354388e-03 2.402577e-02 2.425747e-02
<VARIANCE> 25
 2.080687e+00 4.192463e+00 5.326221e+00 6.667083e+00 6.886803e+00 9.026960e+00 7.860128e+00 8.567778e+00 1.081420e+01 8.680882e+00 6.059760e+00 6.913857e+00 6.774006e-02 1.933651e-01 2.890587e-01 3.950580e-01 5.029387e-01 6.379306e-01 7.105461e-01 8.290219e-01 8.983985e-01 8.874810e-01 7.028167e-01 6.486727e-01 5.158101e-02
<GCONST> 5.615181e+01
<STATE> 3
<MEAN> 25
 -2.576019e+00 2.970880e+00 -2.934434e+00 3.984264e+00 -1.037089e+00 2.719387e+00 -9.029158e-01 -2.111953e-01 -1.280589e+00 4.194393e-01 -1.026640e+00 -1.818259e+00 2.083196e-01 -2.742797e-01 5.426759e-01 1.446145e-01 7.522186e-03 2.334054e-01 -4.847572e-02 -5.375245e-02 1.129873e-01 -4.732714e-02 -1.210645e-01 -2.252598e-02 3.643076e-01
<VARIANCE> 25
 7.886634e+00 6.061217e+00 1.132471e+01 1.207047e+01 8.965001e+00 1.234500e+01 1.030651e+01 8.880517e+00 1.277457e+01 1.116986e+01 1.361805e+01 6.703135e+00 1.630115e+00 2.138587e+00 1.724718e+00 1.328743e+00 1.458395e+00 1.797030e+00 1.250059e+00 1.167153e+00 1.573647e+00 1.449698e+00 1.796931e+00 8.749756e-01 1.006825e+00
<GCONST> 7.813301e+01
<STATE> 4
<MEAN> 25
 -5.752038e+00 -5.673729e+00 9.963428e+00 -3.158832e+00 2.462503e+00 7.635026e-01 2.726331e+00 -3.291283e+00 3.411133e+00 -1.309380e-02 1.095643e+00 3.733113e-01 2.239336e-01 -3.988705e-01 2.917277e-01 -5.403298e-01 1.923670e-01 -4.184247e-01 1.406508e-01 -9.975114e-02 1.498704e-01 -4.903340e-02 1.497667e-01 8.682860e-02 5.538651e-01
<VARIANCE> 25
 1.377962e+02 5.012576e+01 3.686408e+01 7.069602e+01 3.895045e+01 1.176320e+02 4.647176e+01 3.954765e+01 4.320017e+01 1.845535e+01 2.558659e+01 1.816614e+01 6.533371e+00 3.602855e+00 2.942096e+00 2.745543e+00 2.199176e+00 4.531868e+00 2.902762e+00 3.315650e+00 2.838454e+00 1.904932e+00 2.072726e+00 1.799423e+00 1.874962e+00
<GCONST> 1.048658e+02
<TRANSP> 5
 0.000000e+00 1.000000e+00 0.000000e+00 0.000000e+00 0.000000e+00
 0.000000e+00 9.837533e-01 1.624670e-02 0.000000e+00 0.000000e+00
 0.000000e+00 0.000000e+00 8.778310e-01 1.221689e-01 0.000000e+00
 0.000000e+00 0.000000e+00 0.000000e+00 9.686385e-01 3.136152e-02
 0.000000e+00 0.000000e+00 0.000000e+00 0.000000e+00 0.000000e+00
<ENDHMM>
~h "saha"
<BEGINHMM>
<NUMSTATES> 5
<STATE> 2
<MEAN> 25
 -2.668687e+00 4.921365e+00 -4.793714e+00 4.523732e+00 1.320996e+00 9.798331e-01 -1.774949e+00 7.321266e-01 -1.957996e+00 -7.242563e-01 7.742941e-01 -1.695143e+00 -5.459488e-03 -4.561915e-02 9.849037e-03 -2.016695e-02 -4.627005e-02 9.133540e-03 1.485955e-02 5.540921e-03 -1.443488e-02 -2.110480e-03 3.038022e-02 1.945274e-02 4.664908e-02
<VARIANCE> 25
 3.593436e+00 4.988818e+00 1.169203e+01 6.790551e+00 9.431005e+00 1.122792e+01 1.388878e+01 1.226351e+01 7.512899e+00 7.833744e+00 8.680655e+00 6.956772e+00 9.026384e-02 2.949790e-01 4.539863e-01 3.994166e-01 5.201806e-01 6.571367e-01 7.944440e-01 7.605589e-01 7.897463e-01 7.379830e-01 7.668714e-01 6.556845e-01 8.448848e-02
<GCONST> 6.057457e+01
<STATE> 3
<MEAN> 25
 -1.228490e+01 -2.674787e+00 7.094096e+00 2.772685e+00 -1.860311e+00 5.855800e+00 -1.144313e+00 -1.580424e+00 2.557700e+00 -9.621191e-01 3.832524e+00 -2.420890e+00 -5.555243e-01 -3.336183e-01 6.616063e-01 -2.216215e-01 1.178152e-01 4.146337e-02 -2.646841e-02 6.514296e-03 2.251924e-01 3.123811e-02 -1.828116e-02 1.040874e-02 8.860474e-01
<VARIANCE> 25
 5.395685e+01 4.613179e+01 1.250264e+02 4.139665e+01 4.603059e+01 2.589140e+01 2.381688e+01 2.560350e+01 2.597309e+01 1.920087e+01 1.312623e+01 1.663889e+01 1.384159e+00 4.566536e+00 4.188259e+00 2.119247e+00 4.439897e+00 1.470673e+00 2.618319e+00 2.285648e+00 2.341702e+00 1.824295e+00 1.160632e+00 1.449147e+00 1.897583e+00
<GCONST> 9.771838e+01
<STATE> 4
<MEAN> 25
 8.562375e+00 -7.914236e+00 6.934085e+00 -9.452260e+00 2.143246e+00 -6.519597e+00 3.980244e+00 6.343902e-01 -3.218189e-01 1.507721e+00 -3.382980e+00 4.759591e+00 6.390753e-01 -1.216449e-01 -9.473741e-02 -3.092653e-01 -8.289753e-02 -6.827429e-02 1.270783e-01 3.613986e-03 1.358079e-01 1.899617e-03 -3.491433e-01 2.010245e-01 -1.557727e-01
<VARIANCE> 25
 1.267353e+02 3.081054e+01 3.315062e+01 8.148152e+01 5.925787e+01 3.802621e+01 8.664893e+01 8.859035e+01 6.020469e+01 5.904714e+01 6.000382e+01 4.515334e+01 4.462903e+00 2.661501e+00 2.347039e+00 3.316086e+00 3.766508e+00 3.964289e+00 4.855025e+00 4.721359e+00 3.884584e+00 6.341005e+00 4.055270e+00 3.809495e+00 9.030750e-01
<GCONST> 1.110668e+02
<TRANSP> 5
 0.000000e+00 1.000000e+00 0.000000e+00 0.000000e+00 0.000000e+00
 0.000000e+00 9.849955e-01 1.500443e-02 0.000000e+00 0.000000e+00
 0.000000e+00 0.000000e+00 9.366549e-01 6.334508e-02 0.000000e+00
 0.000000e+00 0.000000e+00 0.000000e+00 9.711552e-01 2.884485e-02
 0.000000e+00 0.000000e+00 0.000000e+00 0.000000e+00 0.000000e+00
<ENDHMM>
~h "char"
<BEGINHMM>
<NUMSTATES> 5
<STATE> 2
<MEAN> 25
 -2.809606e+00 4.459658e+00 -2.844898e+00 1.818556e+00 -1.822985e-01 1.763310e+00 3.390033e-01 1.034316e-01 5.977278e-02 1.288592e-01 -2.001749e-01 -2.173524e+00 -5.902537e-03 1.262881e-02 3.229661e-02 -2.197088e-03 -1.032602e-02 -4.003655e-03 1.874920e-02 4.449306e-02 4.532612e-02 2.141017e-02 9.976218e-03 -5.807815e-03 -2.623892e-03
<VARIANCE> 25
 1.543696e+00 3.832511e+00 3.347468e+00 4.728386e+00 4.561741e+00 5.884100e+00 5.032240e+00 7.710667e+00 7.549644e+00 9.776118e+00 6.776871e+00 6.500142e+00 8.757329e-02 2.464256e-01 2.849402e-01 4.152405e-01 4.434654e-01 4.906185e-01 4.911382e-01 6.525102e-01 9.893386e-01 9.552722e-01 7.712407e-01 7.283030e-01 5.891098e-02
<GCONST> 5.342310e+01
<STATE> 3
<MEAN> 25
 -3.140084e+00 2.082112e+00 -4.001255e+00 2.337070e+00 -1.942253e+00 1.675819e-01 1.374296e-01 8.389013e-01 5.894675e-01 2.205088e+00 1.764623e+00 -3.797604e+00 -7.322741e-01 -1.439664e+00 1.604415e+00 -2.692445e-01 -5.369709e-01 6.307126e-01 -3.081393e-01 3.203264e-01 5.363799e-01 -6.237743e-01 2.991561e-01 -1.808577e-01 1.001017e+00
<VARIANCE> 25
 6.298412e+00 1.580891e+01 1.235650e+01 2.479882e+01 3.975724e+00 1.617078e+01 1.455041e+01 8.738158e+00 4.668327e+00 9.994615e+00 6.591179e+00 5.504520e+00 1.325308e+00 5.514786e+00 2.959358e+00 2.928219e+00 7.089203e-01 2.645627e+00 4.010112e+00 1.687478e+00 1.481539e+00 2.693281e+00 1.393860e+00 1.259562e+00 1.746672e+00
<GCONST> 8.190945e+01
<STATE> 4
<MEAN> 25
 3.905142e+00 -8.211968e+00 7.668252e+00 -6.832333e+00 2.090848e+00 -3.750212e+00 -1.140364e-01 7.520052e-01 1.386763e+00 2.018484e+00 -1.207023e+00 4.981112e+00 3.964853e-01 -1.176659e-01 6.680434e-02 -1.756111e-01 9.182777e-02 -2.022176e-01 -1.747617e-02 1.191719e-02 -4.700375e-02 8.468080e-02 -5.353665e-02 1.355201e-01 2.154887e-01
<VARIANCE> 25
 1.139713e+02 2.432975e+01 4.711956e+01 8.259988e+01 9.036090e+01 6.280035e+01 5.194356e+01 6.219508e+01 7.236063e+01 4.056368e+01 5.344796e+01 6.960862e+01 4.795534e+00 2.488555e+00 3.896792e+00 3.296649e+00 6.070668e+00 5.947156e+00 5.481968e+00 4.480002e+00 5.640146e+00 3.537991e+00 4.499215e+00 3.867607e+00 2.351254e+00
<GCONST> 1.135965e+02
<TRANSP> 5
 0.000000e+00 1.000000e+00 0.000000e+00 0.000000e+00 0.000000e+00
 0.000000e+00 9.808400e-01 1.916004e-02 0.000000e+00 0.000000e+00
 0.000000e+00 0.000000e+00 7.059792e-01 2.940208e-01 0.000000e+00
 0.000000e+00 0.000000e+00 0.000000e+00 9.699395e-01 3.006045e-02
 0.000000e+00 0.000000e+00 0.000000e+00 0.000000e+00 0.000000e+00
<ENDHMM>
~h "teen"
<BEGINHMM>
<NUMSTATES> 5
<STATE> 2
<MEAN> 25
 -2.345739e+00 3.390044e+00 -5.795849e+00 -1.682939e+00 -3.834418e+00 2.437096e+00 1.518189e+00 -2.323750e-01 -1.475805e+00 2.414127e+00 1.978908e-01 1.801230e+00 9.933978e-03 -2.182127e-03 -2.917115e-03 4.059291e-03 3.882749e-03 9.569194e-04 2.059495e-02 1.757899e-02 1.327103e-02 -5.065253e-03 2.490551e-02 1.632567e-02 3.581106e-02
<VARIANCE> 25
 1.218285e+00 3.330139e+00 6.764596e+00 4.205514e+00 5.025789e+00 8.438680e+00 8.096209e+00 9.676761e+00 6.904179e+00 7.790010e+00 5.953352e+00 4.873717e+00 8.058475e-02 2.067896e-01 3.486814e-01 4.702920e-01 5.912964e-01 7.197917e-01 9.453595e-01 7.510021e-01 6.417162e-01 1.028548e+00 6.939180e-01 5.525342e-01 6.497665e-02
<GCONST> 5.494970e+01
<STATE> 3
<MEAN> 25
 -2.601700e+00 4.222052e-01 -5.282086e+00 -8.101005e-01 -4.081952e+00 6.859899e-01 2.750691e+00 2.337696e+00 -1.474494e+00 1.475426e+00 -5.499482e-01 1.990867e+00 1.250466e-02 -3.573208e-01 1.118873e-02 -1.233146e-02 -8.170625e-02 5.793363e-02 7.391127e-02 -2.447148e-01 3.882572e-02 -1.085036e-02 -5.991811e-02 -1.399990e-01 2.545388e-01
<VARIANCE> 25
 2.169387e+00 1.824119e+01 9.369583e+00 7.374455e+00 5.083492e+00 9.499532e+00 1.144699e+01 9.802568e+00 9.065832e+00 7.438581e+00 9.446504e+00 7.484287e+00 3.535193e-01 3.858817e+00 1.477012e+00 1.445787e+00 7.088070e-01 1.186420e+00 1.560715e+00 8.069475e-01 1.457280e+00 1.078308e+00 1.537705e+00 9.747035e-01 1.683194e+00
<GCONST> 7.343176e+01
<STATE> 4
<MEAN> 25
 4.062014e+00 -8.384380e+00 1.712087e+01 3.421331e+00 1.187242e+01 -1.103457e+01 -2.989226e+00 -3.158649e+00 5.873537e+00 -6.533273e+00 -1.818930e+00 -6.754673e+00 3.602333e-01 -4.619099e-02 4.925776e-01 2.221328e-01 3.310179e-01 -2.217999e-01 -2.576966e-01 4.375491e-02 1.603501e-01 -1.988051e-01 9.131125e-03 -1.580156e-01 1.006738e-01
<VARIANCE> 25
 2.739353e+01 3.707319e+01 1.404482e+02 4.488754e+01 1.207996e+02 1.047426e+02 4.070687e+01 7.973100e+01 6.952549e+01 6.519276e+01 4.454355e+01 3.751262e+01 1.397393e+00 2.622360e+00 5.354368e+00 4.037544e+00 5.612155e+00 5.850853e+00 4.233360e+00 4.144166e+00 3.291753e+00 5.556158e+00 5.012554e+00 3.132843e+00 3.232041e+00
<GCONST> 1.125518e+02
<TRANSP> 5
 0.000000e+00 1.000000e+00 0.000000e+00 0.000000e+00 0.000000e+00
 0.000000e+00 9.886011e-01 1.139892e-02 0.000000e+00 0.000000e+00
 0.000000e+00 0.000000e+00 9.539022e-01 4.609778e-02 0.000000e+00
 0.000000e+00 0.000000e+00 0.000000e+00 9.732635e-01 2.673652e-02
 0.000000e+00 0.000000e+00 0.000000e+00 0.000000e+00 0.000000e+00
<ENDHMM>
~h "don"
<BEGINHMM>
<NUMSTATES> 5
<STATE> 2
<MEAN> 25
 -6.866965e+00 3.243805e+00 -6.050663e+00 8.918055e-01 -8.853272e-01 -5.096480e-01 3.960940e+00 -1.174496e+00 2.476136e-01 2.264318e+00 -1.090019e-01 9.980454e-01 -1.590618e-02 -8.285826e-02 -2.740738e-02 -2.209224e-02 -1.848601e-04 -1.680507e-02 -9.282786e-03 -1.377949e-02 8.503110e-03 1.567923e-02 3.965750e-02 1.764368e-02 5.056167e-02
<VARIANCE> 25
 2.393591e+00 7.284872e+00 5.598719e+00 3.206715e+00 8.732812e+00 6.337325e+00 7.007694e+00 8.453780e+00 9.361767e+00 9.870855e+00 7.567369e+00 7.205767e+00 8.023772e-02 2.819591e-01 3.704970e-01 3.763649e-01 4.859427e-01 4.608106e-01 7.204847e-01 7.928814e-01 9.106663e-01 1.007618e+00 6.998601e-01 6.604270e-01 8.072671e-02
<GCONST> 5.712380e+01
<STATE> 3
<MEAN> 25
 -5.771130e+00 -3.217428e+00 -6.824550e+00 -7.488433e-01 1.251399e+00 -1.692635e+00 3.208627e+00 -3.866604e+00 4.433821e-01 -1.011178e+00 2.449199e+00 2.742633e+00 6.347707e-02 -3.224735e-02 2.125343e-03 1.585296e-01 -2.004259e-02 5.745341e-02 -3.789634e-02 1.347718e-02 8.127321e-02 -4.756343e-03 -1.068465e-01 -2.818747e-02 8.212578e-03
<VARIANCE> 25
 5.648428e+00 4.021561e+01 3.136413e+01 1.380803e+01 1.278953e+01 4.764649e+01 1.955405e+01 1.400605e+01 1.893800e+01 1.452445e+01 1.016219e+01 1.468308e+01 7.267757e-01 2.483410e+00 1.590640e+00 1.307530e+00 1.591830e+00 2.929082e+00 1.321905e+00 1.557774e+00 1.552979e+00 1.283933e+00 1.176991e+00 1.323223e+00 1.437094e-01
<GCONST> 8.286880e+01
<STATE> 4
<MEAN> 25
 1.139268e+01 -6.023842e+00 1.009700e+01 -1.916760e+00 -5.640754e-01 -7.029327e-01 -7.053442e+00 3.050305e+00 -3.215825e+00 -3.921825e+00 1.371701e+00 -3.274186e+00 3.760122e-01 -2.251714e-01 2.765654e-01 1.510882e-01 -1.429486e-01 3.701473e-02 -2.555103e-01 2.132212e-01 -1.071913e-01 -3.249887e-01 2.014835e-02 -1.156531e-01 1.574970e-01
<VARIANCE> 25
 8.504395e+01 6.886445e+01 6.483879e+01 1.249847e+02 5.519357e+01 7.703532e+01 8.031599e+01 8.207459e+01 8.880042e+01 4.987450e+01 4.537428e+01 3.567830e+01 5.731950e+00 3.992524e+00 3.585240e+00 6.390886e+00 4.754556e+00 5.793189e+00 6.479321e+00 4.687521e+00 7.130343e+00 6.187078e+00 6.096405e+00 4.553864e+00 1.984672e+00
<GCONST> 1.173439e+02
<TRANSP> 5
 0.000000e+00 1.000000e+00 0.000000e+00 0.000000e+00 0.000000e+00
 0.000000e+00 9.854960e-01 1.450398e-02 0.000000e+00 0.000000e+00
 0.000000e+00 0.000000e+00 9.455403e-01 5.445964e-02 0.000000e+00
 0.000000e+00 0.000000e+00 0.000000e+00 9.568110e-01 4.318897e-02
 0.000000e+00 0.000000e+00 0.000000e+00 0.000000e+00 0.000000e+00
<ENDHMM>
~h "nau"
<BEGINHMM>
<NUMSTATES> 5
<STATE> 2
<MEAN> 25
 -6.916699e+00 3.148215e+00 -5.249722e+00 1.230797e+00 -2.315229e-01 1.221628e+00 1.969423e+00 -6.437228e-01 1.489307e+00 3.309881e-01 1.381710e+00 1.850248e-01 1.169172e-02 7.710353e-03 -2.827044e-02 3.288693e-03 2.496102e-02 -1.891775e-02 1.806766e-02 4.434036e-02 2.386257e-02 9.912113e-03 1.321645e-02 -9.096687e-04 -3.699547e-03
<VARIANCE> 25
 3.273174e+00 3.913274e+00 3.893542e+00 4.577255e+00 1.066613e+01 1.497614e+01 1.088326e+01 9.252978e+00 9.088962e+00 9.518588e+00 7.955469e+00 7.678399e+00 5.812318e-02 2.294656e-01 2.946566e-01 3.559117e-01 4.304390e-01 6.473726e-01 7.460147e-01 9.192547e-01 8.465379e-01 7.925326e-01 6.324236e-01 6.138011e-01 5.158101e-02
<GCONST> 5.709857e+01
<STATE> 3
<MEAN> 25
 -4.125846e+00 -2.258147e+00 -6.658679e+00 5.385636e+00 2.496423e+00 1.327711e+00 -3.139229e-01 6.356778e-01 1.494771e+00 -3.978113e+00 1.404163e-01 8.962669e-01 4.017471e-01 -2.182720e-01 3.535228e-01 8.790212e-01 4.262862e-01 3.939832e-01 -2.375676e-01 -3.096942e-01 1.580035e-01 -2.316237e-01 -3.963353e-01 -1.879748e-01 4.195023e-01
<VARIANCE> 25
 7.387352e+00 2.433316e+01 1.056406e+01 1.681323e+01 6.361792e+00 1.233594e+01 1.275809e+01 2.061890e+01 1.647800e+01 2.051061e+01 2.490237e+01 1.901242e+01 5.114033e-01 8.847467e-01 7.299619e-01 1.289445e+00 6.905610e-01 1.594225e+00 1.308586e+00 1.836811e+00 1.807650e+00 1.918241e+00 2.033713e+00 9.591379e-01 1.371608e-01
<GCONST> 7.828087e+01
<STATE> 4
<MEAN> 25
 1.478717e+01 -6.348961e+00 3.797290e+00 1.311039e+01 2.604387e+00 9.408576e+00 -8.821742e+00 -5.160296e+00 2.294837e+00 -6.714533e-01 -4.684821e+00 -3.883574e+00 1.443658e+00 -7.865730e-01 7.946714e-01 -1.904476e-01 3.030147e-01 1.119263e-02 -4.583032e-01 1.480918e-01 -5.789462e-01 -4.167971e-01 -2.103203e-01 -1.521319e-01 3.881476e-01
<VARIANCE> 25
 9.809518e+01 7.156978e+01 3.387361e+01 7.056681e+01 4.806489e+01 7.125914e+01 1.091364e+02 8.986661e+01 7.959354e+01 7.122992e+01 6.465210e+01 3.662275e+01 5.917408e+00 3.458088e+00 2.379051e+00 6.839722e+00 5.346253e+00 6.715054e+00 8.455338e+00 4.780566e+00 3.914842e+00 5.266752e+00 3.223378e+00 2.294402e+00 1.402426e+00
<GCONST> 1.147785e+02
<TRANSP> 5
 0.000000e+00 1.000000e+00 0.000000e+00 0.000000e+00 0.000000e+00
 0.000000e+00 9.860495e-01 1.395048e-02 0.000000e+00 0.000000e+00
 0.000000e+00 0.000000e+00 8.720074e-01 1.279926e-01 0.000000e+00
 0.000000e+00 0.000000e+00 0.000000e+00 9.213448e-01 7.865521e-02
 0.000000e+00 0.000000e+00 0.000000e+00 0.000000e+00 0.000000e+00
<ENDHMM>
~h "sil"
<BEGINHMM>
<NUMSTATES> 5
<STATE> 2
<MEAN> 25
 1.212811e+00 1.129467e+00 -6.991875e-02 1.532825e+00 1.708349e+00 1.607797e+00 3.603722e-01 1.298655e+00 9.164385e-01 -1.965138e-01 1.693043e+00 1.448810e+00 -1.973875e+00 3.886318e-01 -9.527936e-01 -2.487563e-01 -1.257401e+00 -4.265993e-01 1.257705e-01 -5.267258e-01 -2.967803e-01 -4.875773e-01 2.001840e-01 -4.536390e-01 5.084389e+00
<VARIANCE> 25
 1.056373e+02 4.746032e+01 4.015452e+01 4.356807e+01 7.582875e+01 4.221027e+01 3.185595e+01 4.523661e+01 3.338624e+01 3.242601e+01 2.483308e+01 2.719004e+01 1.307697e+01 7.639895e+00 6.917378e+00 6.746602e+00 8.382626e+00 7.105821e+00 5.441484e+00 6.107382e+00 5.094769e+00 3.972624e+00 4.945091e+00 3.785913e+00 3.683317e+01
<GCONST> 1.163619e+02
<STATE> 3
~s "silst"
<STATE> 4
<MEAN> 25
 1.010887e+01 -7.526732e+00 8.198619e+00 -6.998582e+00 -2.108865e+00 -3.368315e+00 -1.728657e+00 -4.275438e-01 -5.939139e-01 -9.704255e-01 -7.528492e-01 1.328537e+00 2.574437e-01 -1.534654e-03 1.501456e-01 7.537818e-02 -1.283922e-01 2.207981e-01 2.237463e-02 2.405926e-02 -1.243374e-01 1.647994e-01 -2.248722e-01 1.052493e-01 -3.212818e-01
<VARIANCE> 25
 1.480228e+02 6.666536e+01 8.413615e+01 1.025377e+02 1.381707e+02 1.031616e+02 8.445251e+01 7.906995e+01 8.420539e+01 8.251608e+01 6.661834e+01 6.170059e+01 2.940252e+00 2.837392e+00 3.435896e+00 5.055724e+00 5.216995e+00 4.541429e+00 4.583308e+00 4.927418e+00 5.666023e+00 6.624219e+00 5.078688e+00 3.648802e+00 1.426678e+00
<GCONST> 1.179041e+02
<TRANSP> 5
 0.000000e+00 1.000000e+00 0.000000e+00 0.000000e+00 0.000000e+00
 0.000000e+00 6.935204e-01 1.834328e-01 1.230467e-01 0.000000e+00
 0.000000e+00 0.000000e+00 9.226000e-01 7.739995e-02 0.000000e+00
 0.000000e+00 7.691640e-02 0.000000e+00 8.168243e-01 1.062593e-01
 0.000000e+00 0.000000e+00 0.000000e+00 0.000000e+00 0.000000e+00
<ENDHMM>
~h "shunya"
<BEGINHMM>
<NUMSTATES> 5
<STATE> 2
<MEAN> 25
 -5.815555e+00 7.689017e+00 -5.932228e+00 1.012060e-01 -5.001466e+00 1.736121e+00 3.096889e+00 4.599156e-01 -9.805548e-01 8.409317e-01 -3.444989e-01 1.296971e+00 -2.620343e-03 -1.453172e-02 -2.774460e-02 2.578963e-03 3.735829e-03 -1.972244e-02 -2.908474e-02 -9.314775e-03 -9.225833e-03 -1.601972e-02 1.929939e-04 1.765338e-02 2.715067e-02
<VARIANCE> 25
 1.781614e+00 8.329380e+00 4.699305e+00 7.185712e+00 1.055293e+01 9.788005e+00 1.298732e+01 1.114285e+01 8.505687e+00 8.738901e+00 6.282943e+00 7.036029e+00 1.152219e-01 4.365456e-01 3.631588e-01 4.820852e-01 5.546117e-01 6.269042e-01 8.986960e-01 7.172797e-01 7.012359e-01 7.751331e-01 5.760348e-01 6.389757e-01 1.396116e-01
<GCONST> 6.006761e+01
<STATE> 3
<MEAN> 25
 -5.003231e+00 4.827666e+00 -4.357326e+00 1.045734e+00 -2.569496e+00 2.170738e+00 -1.155269e-02 7.185293e-01 4.356116e-01 -6.677213e-01 1.148307e-01 2.080429e+00 8.506560e-01 -2.001820e+00 1.454683e+00 2.654660e-01 1.035787e+00 2.952886e-01 -4.413748e-01 -2.441768e-02 2.457257e-02 -6.893300e-01 2.243089e-01 -3.928250e-01 7.671915e-01
<VARIANCE> 25
 8.078231e+00 2.193031e+01 1.298858e+01 1.971037e+01 2.735819e+01 1.394700e+01 2.022269e+01 1.334323e+01 1.502483e+01 1.806017e+01 2.000922e+01 7.863288e+00 2.303787e+00 1.093506e+01 4.880713e+00 6.365666e+00 3.201967e+00 2.732738e+00 4.834417e+00 3.164862e+00 3.295100e+00 2.255834e+00 2.322370e+00 1.441710e+00 6.560584e-01
<GCONST> 9.322563e+01
<STATE> 4
<MEAN> 25
 8.813411e+00 -1.253042e+01 8.702471e+00 1.129072e+00 6.929735e+00 -1.879426e+00 -5.141681e+00 2.213471e-01 1.447459e+00 -1.233619e+00 -8.284643e-01 -2.122835e+00 2.956211e-01 -4.037865e-02 1.032389e-01 -7.576822e-02 7.400109e-02 -1.319468e-01 -1.355864e-01 -8.901006e-02 7.125366e-03 9.586195e-02 -4.126354e-02 -5.166505e-02 1.419571e-01
<VARIANCE> 25
 2.971966e+02 4.061620e+01 3.972565e+01 7.924178e+01 1.043918e+02 1.246744e+02 6.679215e+01 5.171565e+01 7.100488e+01 4.101045e+01 5.763121e+01 3.735947e+01 6.111034e+00 3.808873e+00 3.960938e+00 5.865826e+00 6.607120e+00 7.775586e+00 3.440329e+00 4.029424e+00 6.083365e+00 4.211933e+00 4.682258e+00 2.772318e+00 2.263951e+00
<GCONST> 1.161578e+02
<TRANSP> 5
 0.000000e+00 1.000000e+00 0.000000e+00 0.000000e+00 0.000000e+00
 0.000000e+00 9.854820e-01 1.451804e-02 0.000000e+00 0.000000e+00
 0.000000e+00 0.000000e+00 8.289660e-01 1.710340e-01 0.000000e+00
 0.000000e+00 0.000000e+00 0.000000e+00 9.813582e-01 1.864178e-02
 0.000000e+00 0.000000e+00 0.000000e+00 0.000000e+00 0.000000e+00
<ENDHMM>
~h "pach"
<BEGINHMM>
<NUMSTATES> 5
<STATE> 2
<MEAN> 25
 -3.862990e+00 5.047392e+00 -3.712910e+00 4.160560e+00 2.543380e-01 2.185128e+00 -2.059026e-01 -7.055898e-01 -8.121257e-01 -1.424218e-01 2.226920e-01 -2.358420e+00 -1.526626e-02 8.685473e-03 4.602019e-03 1.939941e-02 1.645922e-02 2.054879e-03 5.106634e-03 1.739005e-02 2.801194e-02 1.382760e-02 -8.763927e-03 -3.690042e-02 -2.868799e-03
<VARIANCE> 25
 3.943153e+00 2.547932e+00 6.663193e+00 5.476845e+00 5.967519e+00 6.522651e+00 5.254400e+00 7.073322e+00 8.040100e+00 6.384002e+00 8.909172e+00 7.088427e+00 7.855812e-02 1.795797e-01 2.596266e-01 3.939378e-01 4.686446e-01 5.718331e-01 5.697211e-01 7.284437e-01 6.934447e-01 6.640004e-01 6.467080e-01 7.825859e-01 5.158101e-02
<GCONST> 5.405355e+01
<STATE> 3
<MEAN> 25
 -3.865369e+00 2.855500e+00 -2.817214e+00 5.058340e+00 3.380416e-01 7.463118e-01 6.306916e-01 5.444102e-01 7.084594e-02 4.571289e-02 5.036418e-01 -3.924839e+00 9.160954e-01 -9.088085e-01 1.746535e-01 -9.158949e-01 -6.982756e-01 -5.317605e-01 -2.608966e-01 2.786632e-01 -1.285162e-01 -3.085181e-01 -4.607025e-01 3.242061e-01 1.960698e+00
<VARIANCE> 25
 6.729427e+00 1.532598e+01 1.135001e+01 5.341012e+00 4.988972e+00 3.988723e+00 1.593930e+01 7.169603e+00 1.020061e+01 1.060639e+01 1.299937e+01 5.122837e+00 1.935694e+00 2.784708e+00 2.436223e+00 2.535357e+00 2.024114e+00 9.556534e-01 1.591999e+00 8.472394e-01 8.139271e-01 1.390620e+00 1.030992e+00 1.132333e+00 5.458723e+00
<GCONST> 7.773972e+01
<STATE> 4
<MEAN> 25
 1.525745e+01 -1.543396e+01 8.723418e+00 -1.606803e+01 2.404354e+00 -1.074016e+01 5.340406e-01 3.845264e+00 3.479230e+00 2.204740e+00 -3.195606e+00 6.229837e+00 4.708140e-01 -4.554697e-01 6.477103e-01 -5.534316e-01 4.072000e-01 -3.597455e-01 1.613167e-02 -1.530085e-01 -2.261050e-01 -2.007474e-02 -6.445040e-02 4.844421e-01 5.304967e-02
<VARIANCE> 25
 2.870177e+01 5.391629e+01 2.952145e+01 4.534031e+01 3.756115e+01 4.642490e+01 2.116438e+01 4.947350e+01 3.990957e+01 4.636383e+01 7.449548e+01 3.995320e+01 3.186800e+00 3.871975e+00 2.076412e+00 4.327378e+00 3.561295e+00 2.600309e+00 2.325360e+00 5.143224e+00 4.391292e+00 4.531260e+00 3.643450e+00 2.382350e+00 2.689981e+00
<GCONST> 1.059866e+02
<TRANSP> 5
 0.000000e+00 1.000000e+00 0.000000e+00 0.000000e+00 0.000000e+00
 0.000000e+00 9.868417e-01 1.315835e-02 0.000000e+00 0.000000e+00
 0.000000e+00 0.000000e+00 7.582169e-01 2.417831e-01 0.000000e+00
 0.000000e+00 0.000000e+00 0.000000e+00 9.410627e-01 5.893728e-02
 0.000000e+00 0.000000e+00 0.000000e+00 0.000000e+00 0.000000e+00
<ENDHMM>
~h "aath"
<BEGINHMM>
<NUMSTATES> 5
<STATE> 2
<MEAN> 25
 -4.498110e+00 3.699305e+00 -1.592033e+00 4.437649e+00 1.085814e+00 1.359617e+00 -9.273086e-01 1.334868e-02 -1.205241e+00 -3.927148e-01 7.289896e-01 -2.477403e+00 5.788729e-03 3.566019e-02 -2.879632e-02 -1.739659e-02 6.270297e-03 5.964572e-03 9.738000e-03 2.272489e-03 1.566339e-02 5.893541e-03 -9.318454e-03 -3.915200e-03 7.287538e-03
<VARIANCE> 25
 3.206194e+00 6.268997e+00 5.012732e+00 1.014843e+01 9.603598e+00 1.065826e+01 8.774107e+00 9.081071e+00 7.457234e+00 1.064230e+01 1.070406e+01 6.180627e+00 1.509999e-01 3.288030e-01 2.837825e-01 4.848933e-01 5.040191e-01 6.583405e-01 8.944517e-01 8.093317e-01 8.676866e-01 5.866872e-01 6.833597e-01 6.554469e-01 8.959695e-02
<GCONST> 6.014627e+01
<STATE> 3
<MEAN> 25
 -5.496953e+00 1.678618e+00 -1.426631e+00 2.111353e+00 -1.297636e+00 2.154563e+00 8.769487e-01 1.124755e+00 -8.650532e-01 -1.765626e+00 6.672955e-01 -1.423216e+00 7.211179e-02 -4.227024e-01 6.670666e-02 -4.088500e-01 -5.651528e-01 9.164707e-02 3.855945e-01 1.920306e-01 3.687834e-01 -2.028073e-01 -3.572190e-01 1.326283e-01 5.792687e-01
<VARIANCE> 25
 1.409589e+01 3.672053e+01 2.347081e+01 1.646922e+01 2.661335e+01 2.614745e+01 2.435020e+01 1.516988e+01 1.937082e+01 2.248763e+01 1.687534e+01 1.004859e+01 1.152796e+00 3.514735e+00 1.803125e+00 1.914454e+00 2.524029e+00 2.425999e+00 2.306587e+00 1.865962e+00 3.075586e+00 2.391357e+00 2.445163e+00 1.379102e+00 2.096540e+00
<GCONST> 9.168140e+01
<STATE> 4
<MEAN> 25
 1.197067e+01 -9.630206e+00 3.412756e+00 -1.151824e+01 -4.006726e+00 -4.404692e+00 2.706470e+00 1.895972e+00 4.072487e+00 1.909732e+00 -5.212169e+00 5.533956e+00 7.956317e-01 -2.130982e-01 8.264893e-02 -7.180476e-02 4.411904e-01 -1.176994e-01 -3.497464e-01 -4.749108e-01 -3.734280e-01 2.196363e-01 2.462114e-01 2.220510e-01 -5.544154e-02
<VARIANCE> 25
 7.781785e+01 7.098039e+01 4.383959e+01 5.309677e+01 1.434190e+02 9.533241e+01 6.971439e+01 7.467446e+01 9.641006e+01 9.516367e+01 1.050126e+02 5.609540e+01 2.768777e+00 2.631314e+00 2.861228e+00 5.304583e+00 8.049629e+00 7.743313e+00 4.908352e+00 7.418791e+00 6.705329e+00 5.501886e+00 6.684328e+00 5.494158e+00 2.312851e+00
<GCONST> 1.186854e+02
<TRANSP> 5
 0.000000e+00 1.000000e+00 0.000000e+00 0.000000e+00 0.000000e+00
 0.000000e+00 9.830191e-01 1.698091e-02 0.000000e+00 0.000000e+00
 0.000000e+00 0.000000e+00 9.292672e-01 7.073284e-02 0.000000e+00
 0.000000e+00 0.000000e+00 0.000000e+00 9.652184e-01 3.478166e-02
 0.000000e+00 0.000000e+00 0.000000e+00 0.000000e+00 0.000000e+00
<ENDHMM>
