~o
<STREAMINFO> 1 25
<VECSIZE> 25<NULLD><MFCC_D_N_Z_0><DIAGC>
~s "silst"
<MEAN> 25
 -5.198734e+00 1.496188e+00 -7.720321e-01 3.917652e-01 3.449538e+00 -2.563036e-01 1.542909e-01 3.031383e+00 1.057887e+00 3.044037e-01 5.609900e-02 1.262129e+00 7.138512e-01 -2.995065e-01 9.186753e-02 -2.599188e-01 -5.465053e-01 -5.262327e-01 -2.648887e-01 -2.181218e-01 -1.569881e-02 -3.516738e-01 -2.417357e-01 -2.336603e-01 8.079855e-01
<VARIANCE> 25
 7.620596e+01 4.044333e+01 2.977322e+01 2.691029e+01 3.949980e+01 4.310411e+01 3.980575e+01 2.883961e+01 2.831129e+01 3.154334e+01 2.728976e+01 2.343144e+01 8.283828e+00 3.389301e+00 2.873021e+00 2.835129e+00 4.659086e+00 4.722230e+00 4.127033e+00 3.516343e+00 3.487564e+00 3.188424e+00 3.147181e+00 2.706810e+00 4.316988e+00
<GCONST> 1.056193e+02
~h "l1_i"
<BEGINHMM>
<NUMSTATES> 5
<STATE> 2
<MEAN> 25
 3.876717e+00 -2.448784e+00 -8.564611e+00 -7.069586e+00 4.774710e+00 8.523431e+00 5.269984e-01 -5.660200e+00 1.439386e+00 -1.873245e+00 -1.905960e+00 -2.122980e+00 -7.932555e-03 -3.649933e-02 1.924837e-02 1.614928e-02 3.206659e-02 -4.956833e-02 2.543752e-02 1.036621e-01 3.700501e-02 9.820575e-02 -3.785985e-02 1.190124e-02 -7.419260e-02
<VARIANCE> 25
 1.543062e+01 3.322916e+01 2.293345e+01 6.466574e+01 5.887239e+01 5.387634e+01 3.941210e+01 4.445879e+01 4.604253e+01 3.312242e+01 3.490285e+01 3.949688e+01 9.421071e-01 1.449405e+00 1.492946e+00 2.662299e+00 2.489849e+00 3.415575e+00 3.050575e+00 2.729864e+00 2.657934e+00 2.276297e+00 2.027094e+00 2.355502e+00 1.522191e+00
<GCONST> 9.931301e+01
<STATE> 3
<MEAN> 25
 -3.181091e-01 -6.375269e-01 -1.648833e+00 -2.095919e-01 1.104639e+00 -9.857105e-01 -1.355025e+00 3.580599e-01 3.659456e+00 -3.937852e-02 -1.011669e+00 -9.521216e-01 -1.008955e-01 9.046441e-02 1.945653e-01 1.009720e-01 -1.476939e-01 -1.472974e-01 8.942445e-02 5.668233e-02 -8.453269e-02 1.651220e-02 9.444151e-02 1.255612e-01 2.690400e-02
<VARIANCE> 25
 6.125550e+01 6.292185e+01 4.262565e+01 3.410831e+01 4.227930e+01 7.152489e+01 4.509258e+01 4.231917e+01 5.668300e+01 3.260822e+01 3.781860e+01 2.950468e+01 4.723269e+00 4.317494e+00 2.856785e+00 2.593966e+00 4.608823e+00 5.115283e+00 4.250923e+00 4.120056e+00 4.887026e+00 3.053386e+00 3.860755e+00 2.753716e+00 2.148031e+00
<GCONST> 1.084660e+02
<STATE> 4
<MEAN> 25
 3.993295e-01 2.581570e+00 6.931964e+00 9.618701e-01 -7.630540e+00 -2.695916e+00 7.154324e-01 -3.136160e+00 -4.722015e+00 2.407878e+00 1.549726e+00 -4.972462e-01 -8.517485e-02 1.002998e-01 -1.458538e-02 3.305975e-02 1.369524e-01 7.456369e-02 -1.791314e-03 -5.768044e-02 4.247731e-02 -1.688045e-02 9.066433e-03 2.897011e-02 -4.361417e-02
<VARIANCE> 25
 2.835644e+01 3.177238e+01 4.510818e+01 4.070538e+01 8.075848e+01 4.564506e+01 2.905725e+01 6.492995e+01 4.419891e+01 3.166797e+01 2.095232e+01 2.779633e+01 1.935373e+00 1.597302e+00 1.738861e+00 1.939690e+00 4.387252e+00 2.339612e+00 1.949064e+00 3.152969e+00 2.543464e+00 2.097992e+00 1.537579e+00 1.882423e+00 8.735566e-01
<GCONST> 9.872275e+01
<TRANSP> 5
 0.000000e+00 1.000000e+00 0.000000e+00 0.000000e+00 0.000000e+00
 0.000000e+00 9.724955e-01 2.750447e-02 0.000000e+00 0.000000e+00
 0.000000e+00 0.000000e+00 9.694329e-01 3.056711e-02 0.000000e+00
 0.000000e+00 0.000000e+00 0.000000e+00 9.684264e-01 3.157362e-02
 0.000000e+00 0.000000e+00 0.000000e+00 0.000000e+00 0.000000e+00
<ENDHMM>
~h "l1_u"
<BEGINHMM>
<NUMSTATES> 5
<STATE> 2
<MEAN> 25
 -3.750437e+00 6.684710e-01 1.102234e+00 3.352785e+00 -2.830077e+00 -5.727304e+00 1.069845e+00 -1.889738e+00 6.206507e-01 -1.073214e+00 4.059093e+00 8.738595e+00 6.588281e-02 2.109396e-02 -1.535030e-01 7.341188e-03 2.416007e-01 -1.137364e-01 2.494614e-01 1.716502e-01 3.385203e-01 -3.798867e-02 -3.341342e-01 2.362870e-01 -2.109084e-02
<VARIANCE> 25
 1.709798e+01 4.602687e+01 2.742062e+01 1.388738e+01 8.049343e+01 3.113095e+01 9.681575e+01 4.547097e+01 2.508752e+01 4.507600e+01 3.748513e+01 3.781505e+01 1.120007e+00 1.595831e+00 1.381665e+00 1.439314e+00 2.786944e+00 1.795019e+00 4.934911e+00 3.746956e+00 2.508723e+00 3.294885e+00 2.925063e+00 3.027019e+00 3.512038e-01
<GCONST> 9.810310e+01
<STATE> 3
<MEAN> 25
 4.621227e+00 -6.425745e-01 -3.775491e+00 4.574527e-01 -3.514089e+00 -2.323169e+00 1.051554e+00 -6.227551e-01 3.461280e+00 7.834262e-01 -3.838635e+00 -2.994016e-01 2.677425e-01 9.966268e-02 -2.087345e-01 -1.286161e-01 1.637011e-01 3.608389e-01 -5.876139e-01 -4.722956e-01 -3.195474e-02 1.018883e-01 3.098502e-01 -5.232278e-01 -1.956473e-01
<VARIANCE> 25
 1.475783e+01 2.101842e+01 1.823059e+01 1.996325e+01 1.201538e+01 6.073700e+01 6.130118e+01 4.423100e+01 4.019029e+01 2.943549e+01 4.654659e+01 6.014295e+01 4.142025e-01 9.803400e-01 7.097514e-01 1.096282e+00 1.217763e+00 2.009259e+00 2.290900e+00 1.672873e+00 2.083901e+00 1.820336e+00 2.081878e+00 1.684448e+00 1.996598e-01
<GCONST> 8.915499e+01
<STATE> 4
<MEAN> 25
 1.582744e+00 7.231794e-01 -1.024743e+00 -9.005470e-01 -8.504707e-01 8.327755e-01 2.418430e-01 -3.236300e+00 -1.585946e+00 8.541496e-01 -1.431743e+00 -2.519398e+00 -2.740034e-02 -2.513922e-02 2.311487e-02 1.126037e-02 -2.573004e-02 -4.516293e-03 3.803470e-02 7.036380e-02 -3.115725e-02 -2.631815e-02 -7.103978e-02 2.475836e-02 -1.436216e-02
<VARIANCE> 25
 2.640409e+01 2.055817e+01 3.263160e+01 2.129705e+01 1.026639e+02 4.832399e+01 7.757417e+01 5.203125e+01 5.293484e+01 4.995125e+01 3.298818e+01 5.782581e+01 1.196742e+00 1.007064e+00 1.690549e+00 1.926479e+00 4.325449e+00 3.243681e+00 4.422340e+00 3.835941e+00 3.449872e+00 2.873875e+00 2.826534e+00 2.858873e+00 8.599870e-01
<GCONST> 1.021061e+02
<TRANSP> 5
 0.000000e+00 1.000000e+00 0.000000e+00 0.000000e+00 0.000000e+00
 0.000000e+00 9.668409e-01 3.315917e-02 0.000000e+00 0.000000e+00
 0.000000e+00 0.000000e+00 9.552910e-01 4.470895e-02 0.000000e+00
 0.000000e+00 0.000000e+00 0.000000e+00 9.905131e-01 9.486926e-03
 0.000000e+00 0.000000e+00 0.000000e+00 0.000000e+00 0.000000e+00
<ENDHMM>
~h "l2_i"
<BEGINHMM>
<NUMSTATES> 5
<STATE> 2
<MEAN> 25
 3.055745e+00 -3.327039e+00 -4.530522e-01 7.351905e-03 -3.167339e+00 2.650729e+00 -4.644569e-01 -2.210393e+00 1.418501e+00 6.145223e-01 -5.625526e-01 -1.424256e+00 1.214124e-01 -3.064724e-01 -3.858749e-01 -3.203281e-01 1.127493e-01 4.323781e-01 8.059919e-02 -1.462113e-01 4.509158e-01 -9.409703e-02 -1.305466e-01 -1.973537e-01 3.526285e-01
<VARIANCE> 25
 1.729491e+01 2.465424e+01 3.283089e+01 4.223312e+01 5.262618e+01 6.592030e+01 3.905666e+01 8.399547e+01 5.480365e+01 3.680336e+01 4.087971e+01 3.526844e+01 2.324535e+00 2.349190e+00 3.185197e+00 5.052891e+00 5.124650e+00 5.571540e+00 4.760256e+00 6.595127e+00 5.127934e+00 3.956320e+00 4.636305e+00 3.141051e+00 5.582483e+00
<GCONST> 1.090498e+02
<STATE> 3
<MEAN> 25
 4.761151e+00 -1.705250e+00 -3.043067e+00 -1.953643e+00 3.751353e-01 2.456948e+00 -6.644193e-01 -4.528749e+00 2.596055e+00 -4.136775e+00 -1.204698e+00 -3.810624e+00 -3.604293e-02 1.534876e-01 1.227087e-01 1.254353e-01 -5.611138e-02 -1.148771e-01 -6.752509e-02 -2.292662e-03 -1.639537e-01 -2.418881e-02 1.481727e-02 4.753025e-02 -2.502220e-01
<VARIANCE> 25
 8.014503e+00 3.044668e+01 3.937712e+01 3.775327e+01 3.923326e+01 7.797691e+01 3.199359e+01 4.807368e+01 5.255755e+01 4.290543e+01 3.379538e+01 3.680178e+01 4.071615e-01 1.703209e+00 1.369184e+00 2.152494e+00 2.243676e+00 3.626649e+00 2.442831e+00 4.099864e+00 3.134564e+00 3.247381e+00 2.508207e+00 1.974309e+00 1.575892e+00
<GCONST> 9.844969e+01
<STATE> 4
<MEAN> 25
 8.505108e-01 1.851780e+00 -9.802212e-01 -3.240070e+00 7.563705e-01 4.785515e+00 -1.951527e+00 -5.074205e-01 1.466706e+00 -4.882019e-01 1.319937e+00 -5.279201e-01 -1.573657e-01 2.632913e-02 2.634091e-02 8.956605e-03 7.337230e-02 -2.881755e-02 6.290039e-03 1.578608e-01 -1.702166e-02 1.149611e-03 4.538502e-02 3.433729e-02 4.545845e-02
<VARIANCE> 25
 7.931638e+01 5.333788e+01 3.836216e+01 6.531769e+01 5.047481e+01 8.630488e+01 4.808394e+01 5.888278e+01 4.966452e+01 3.236058e+01 3.219407e+01 3.216013e+01 5.280574e+00 3.562233e+00 2.770885e+00 3.019994e+00 3.948219e+00 3.934716e+00 3.484499e+00 4.021376e+00 4.581788e+00 3.070647e+00 2.159382e+00 2.261485e+00 1.606693e+00
<GCONST> 1.079218e+02
<TRANSP> 5
 0.000000e+00 1.000000e+00 0.000000e+00 0.000000e+00 0.000000e+00
 0.000000e+00 9.453620e-01 5.463796e-02 0.000000e+00 0.000000e+00
 0.000000e+00 0.000000e+00 9.710075e-01 2.899257e-02 0.000000e+00
 0.000000e+00 0.000000e+00 0.000000e+00 9.783683e-01 2.163167e-02
 0.000000e+00 0.000000e+00 0.000000e+00 0.000000e+00 0.000000e+00
<ENDHMM>
~h "l2_u"
<BEGINHMM>
<NUMSTATES> 5
<STATE> 2
<MEAN> 25
 3.646233e+00 -4.096336e+00 -5.660552e+00 1.994891e-01 2.148289e+00 -1.043316e-01 -2.382189e+00 -2.094822e+00 1.418936e+00 -2.289004e+00 -5.107789e+00 -8.674465e-01 1.437375e-02 6.436089e-02 3.060831e-02 2.367953e-02 -3.747743e-02 8.049294e-02 -7.657513e-02 -2.526442e-01 -1.100801e-01 1.042674e-01 6.934735e-02 -2.574721e-02 -1.028013e-01
<VARIANCE> 25
 9.501848e+00 3.918447e+01 2.869975e+01 3.291628e+01 4.552664e+01 6.957798e+01 2.274863e+01 8.044525e+01 6.542610e+01 1.064342e+02 3.488633e+01 2.404233e+01 5.884196e-01 1.614990e+00 2.361304e+00 1.395510e+00 2.777320e+00 3.331755e+00 1.795879e+00 7.255491e+00 3.741013e+00 5.175065e+00 3.322584e+00 1.872359e+00 6.777182e-01
<GCONST> 1.002066e+02
<STATE> 3
<MEAN> 25
 5.027821e+00 -8.200067e-01 -2.445954e+00 -8.481640e+00 -4.690330e+00 7.618625e+00 -2.099142e-01 -6.903422e+00 1.420698e-01 -1.267666e+00 1.399863e-02 -1.631365e+00 -1.068013e-01 1.175002e-01 2.635258e-02 4.260840e-02 1.544227e-01 1.250747e-01 2.944421e-02 1.141081e-01 7.573158e-02 9.620526e-02 1.292693e-01 8.060783e-04 -2.183246e-01
<VARIANCE> 25
 1.461563e+01 3.184588e+01 5.440239e+01 6.335290e+01 4.451322e+01 8.808141e+01 5.027393e+01 3.928712e+01 4.213403e+01 5.780626e+01 5.043858e+01 3.304869e+01 1.019167e+00 2.744349e+00 1.861313e+00 3.836648e+00 2.955659e+00 4.745930e+00 3.518834e+00 3.656243e+00 3.328948e+00 2.118640e+00 3.392442e+00 2.411849e+00 1.727839e+00
<GCONST> 1.041064e+02
<STATE> 4
<MEAN> 25
 -2.170392e+00 4.050495e-01 -7.396430e-01 -5.021542e-01 1.874268e+00 1.552296e+00 -1.299424e+00 -8.264224e-01 1.765618e+00 -1.647225e-01 -1.416710e-01 5.581367e-01 -1.206459e-01 -2.949592e-04 -4.394423e-03 -1.717690e-02 7.552059e-02 -1.963348e-02 9.135223e-02 1.224831e-01 -2.694440e-02 -4.244580e-02 4.806551e-02 8.440387e-02 6.950796e-02
<VARIANCE> 25
 1.063573e+02 4.849145e+01 6.221458e+01 4.372401e+01 4.429601e+01 5.185535e+01 9.791054e+01 5.407693e+01 6.165923e+01 2.831247e+01 2.561458e+01 2.401126e+01 7.550827e+00 3.746658e+00 3.339939e+00 3.602763e+00 3.364593e+00 4.883987e+00 6.009552e+00 3.454890e+00 4.768375e+00 2.456499e+00 1.974096e+00 2.194841e+00 1.395774e+00
<GCONST> 1.085270e+02
<TRANSP> 5
 0.000000e+00 1.000000e+00 0.000000e+00 0.000000e+00 0.000000e+00
 0.000000e+00 9.668304e-01 3.316959e-02 0.000000e+00 0.000000e+00
 0.000000e+00 0.000000e+00 9.598108e-01 4.018919e-02 0.000000e+00
 0.000000e+00 0.000000e+00 0.000000e+00 9.812521e-01 1.874785e-02
 0.000000e+00 0.000000e+00 0.000000e+00 0.000000e+00 0.000000e+00
<ENDHMM>
~h "l3_i"
<BEGINHMM>
<NUMSTATES> 5
<STATE> 2
<MEAN> 25
 -4.182968e+00 -2.868215e+00 -2.750114e+00 -2.020846e+00 3.242974e+00 -2.017035e+00 -2.330321e+00 1.042170e+00 -7.905321e-01 -3.414677e+00 -4.737471e+00 -1.716543e+00 1.720342e-01 -1.549826e-01 -1.297217e-01 -2.065979e-01 9.486368e-02 1.259964e-01 -7.567000e-02 -3.238612e-02 5.088205e-02 -1.413242e-01 -7.802530e-02 -7.525823e-02 2.233144e-01
<VARIANCE> 25
 7.421727e+01 3.851914e+01 3.616776e+01 4.042238e+01 7.176158e+01 6.463319e+01 2.960227e+01 5.790367e+01 4.898429e+01 2.980276e+01 3.054603e+01 3.428077e+01 4.324874e+00 2.475079e+00 2.605418e+00 3.460747e+00 4.357268e+00 3.660676e+00 3.133036e+00 4.366462e+00 3.052279e+00 2.485124e+00 2.858735e+00 3.075127e+00 3.709864e+00
<GCONST> 1.067874e+02
<STATE> 3
<MEAN> 25
 5.592387e+00 -2.495070e+00 -6.833240e+00 -3.934604e+00 1.021575e+00 5.937720e+00 -6.697381e-01 -3.281609e+00 4.082114e+00 -2.038440e+00 -1.216471e+00 -3.154739e+00 2.699091e-02 1.471764e-01 1.145681e-01 1.378758e-01 -1.200380e-01 -9.821966e-02 1.283544e-01 -2.318779e-02 -1.210125e-01 2.437213e-02 -3.629369e-02 -3.404845e-02 -2.962214e-01
<VARIANCE> 25
 1.191820e+01 3.041268e+01 1.612348e+01 4.857883e+01 3.544881e+01 6.291566e+01 4.535028e+01 6.441687e+01 4.290074e+01 4.161161e+01 4.109494e+01 4.239611e+01 6.430536e-01 1.238889e+00 1.174951e+00 2.023741e+00 1.928785e+00 3.228894e+00 3.054953e+00 3.754474e+00 2.891934e+00 2.071861e+00 2.645681e+00 2.019038e+00 9.735507e-01
<GCONST> 9.748991e+01
<STATE> 4
<MEAN> 25
 1.877512e+00 1.596258e+00 1.031245e+00 -2.301733e-01 -2.663291e+00 1.264787e+00 -1.919249e-01 -9.369473e-01 2.317037e+00 1.275999e+00 -1.485603e+00 -3.248600e+00 -1.796244e-01 1.205332e-01 5.550170e-02 6.245120e-02 1.347415e-01 6.538408e-02 -2.139871e-02 8.955338e-02 4.986093e-02 1.086947e-01 1.381571e-02 5.941853e-02 -3.715217e-02
<VARIANCE> 25
 4.571204e+01 3.331120e+01 2.708911e+01 2.561672e+01 4.804683e+01 3.548909e+01 5.253357e+01 3.698658e+01 4.804351e+01 2.953544e+01 3.089206e+01 3.744864e+01 4.431375e+00 2.847779e+00 2.177157e+00 3.181513e+00 4.330254e+00 3.773033e+00 4.603244e+00 3.974863e+00 4.624383e+00 3.234321e+00 2.789840e+00 2.729101e+00 3.427498e+00
<GCONST> 1.052800e+02
<TRANSP> 5
 0.000000e+00 1.000000e+00 0.000000e+00 0.000000e+00 0.000000e+00
 0.000000e+00 9.681612e-01 3.183888e-02 0.000000e+00 0.000000e+00
 0.000000e+00 0.000000e+00 9.671824e-01 3.281760e-02 0.000000e+00
 0.000000e+00 0.000000e+00 0.000000e+00 9.712443e-01 2.875574e-02
 0.000000e+00 0.000000e+00 0.000000e+00 0.000000e+00 0.000000e+00
<ENDHMM>
~h "l3_u"
<BEGINHMM>
<NUMSTATES> 5
<STATE> 2
<MEAN> 25
 -1.609819e+00 2.347571e+00 6.613182e+00 1.723670e+00 -6.748080e+00 -4.428528e+00 6.171859e-01 -5.821858e+00 -6.118080e+00 2.331533e+00 -1.280514e+00 -4.823931e-01 -8.165554e-02 -7.182623e-02 -9.680204e-04 -3.162228e-02 -1.587839e-02 -1.003572e-02 1.087192e-01 1.108998e-01 1.642331e-02 1.765952e-02 3.247169e-03 -3.894000e-02 2.467326e-02
<VARIANCE> 25
 2.533675e+01 3.147191e+01 3.627099e+01 2.214981e+01 5.244401e+01 3.403333e+01 4.762169e+01 5.949791e+01 4.604779e+01 3.557849e+01 5.223446e+01 6.953928e+01 1.298801e+00 2.090572e+00 1.686642e+00 1.511459e+00 5.024428e+00 2.783511e+00 3.905726e+00 4.904853e+00 3.973247e+00 2.801291e+00 2.875055e+00 4.198055e+00 1.512712e+00
<GCONST> 1.031922e+02
<STATE> 3
<MEAN> 25
 -1.924607e+00 2.770147e-01 -9.928839e-02 -1.367321e-01 7.624614e-01 9.141185e-01 -6.367542e-01 -6.329538e-01 9.467441e-01 6.536762e-02 3.282429e-01 5.883212e-01 4.955586e-02 -6.887000e-02 -1.293215e-01 -7.084830e-02 2.276625e-02 4.297917e-02 -6.628996e-03 2.741783e-02 1.042803e-01 -2.585544e-02 -1.866519e-02 8.301260e-03 7.156940e-02
<VARIANCE> 25
 1.025934e+02 5.056073e+01 5.775517e+01 3.858543e+01 4.412084e+01 6.301334e+01 5.827727e+01 4.107370e+01 6.432536e+01 2.730681e+01 2.742283e+01 2.352502e+01 7.131257e+00 4.609033e+00 2.732305e+00 2.985142e+00 4.347302e+00 5.759346e+00 4.361025e+00 3.270894e+00 5.704315e+00 2.899579e+00 2.260175e+00 2.121676e+00 1.365363e+00
<GCONST> 1.080157e+02
<STATE> 4
<MEAN> 25
 3.393987e+00 -1.367546e+00 -2.301409e+00 -1.075107e+00 -3.651416e-02 5.835181e-02 -6.269393e-01 -9.135640e-01 8.279351e-01 -7.233882e-01 -1.690429e+00 -2.191803e+00 3.622152e-02 2.565558e-02 -2.372640e-02 -1.070971e-02 4.511745e-02 -1.227170e-03 1.732129e-02 3.050283e-02 2.054430e-02 3.811793e-02 -2.065364e-02 3.092435e-03 -6.389654e-02
<VARIANCE> 25
 1.871711e+01 3.564527e+01 6.031766e+01 4.479007e+01 6.021137e+01 6.104672e+01 6.445794e+01 7.634506e+01 6.379279e+01 5.120160e+01 3.526396e+01 3.369933e+01 1.214089e+00 1.658982e+00 2.852195e+00 2.328017e+00 3.259533e+00 3.340565e+00 3.382731e+00 4.787522e+00 3.532306e+00 4.171326e+00 2.841799e+00 2.205560e+00 1.112532e+00
<GCONST> 1.046321e+02
<TRANSP> 5
 0.000000e+00 1.000000e+00 0.000000e+00 0.000000e+00 0.000000e+00
 0.000000e+00 9.691095e-01 3.089055e-02 0.000000e+00 0.000000e+00
 0.000000e+00 0.000000e+00 9.796603e-01 2.033970e-02 0.000000e+00
 0.000000e+00 0.000000e+00 0.000000e+00 9.827529e-01 1.724716e-02
 0.000000e+00 0.000000e+00 0.000000e+00 0.000000e+00 0.000000e+00
<ENDHMM>
~h "l4_i"
<BEGINHMM>
<NUMSTATES> 5
<STATE> 2
<MEAN> 25
 1.109967e+00 1.155374e+00 -5.968799e+00 -9.237936e+00 1.078776e+00 8.409316e+00 9.872429e-01 -3.287038e+00 2.139329e+00 5.775963e-01 3.054280e+00 -8.857955e-01 3.137510e-01 -2.191612e-02 -3.282055e-01 -3.928062e-01 2.235716e-01 4.583315e-01 4.140085e-01 -1.001359e-01 2.065241e-01 1.529925e-01 -5.058070e-02 -2.865810e-02 2.218902e-01
<VARIANCE> 25
 1.108890e+02 3.771771e+01 1.868082e+01 3.826916e+01 4.244004e+01 4.630688e+01 6.429588e+01 5.532453e+01 5.957618e+01 2.603612e+01 4.108788e+01 2.264832e+01 5.949118e+00 2.745280e+00 1.402644e+00 4.116007e+00 2.086136e+00 5.040069e+00 3.759254e+00 4.282309e+00 3.664298e+00 2.036904e+00 3.409199e+00 2.613436e+00 3.183988e+00
<GCONST> 1.058335e+02
<STATE> 3
<MEAN> 25
 5.257633e+00 -2.568086e+00 -9.726909e+00 -5.835983e+00 4.905543e+00 1.219798e+01 1.074102e+00 -4.600842e+00 5.420851e+00 -2.085420e+00 -5.354989e-01 -1.439206e+00 -7.108755e-02 -2.234208e-01 1.982936e-01 3.467456e-01 -3.574565e-02 -2.662440e-01 3.904223e-02 3.329589e-01 2.489864e-02 -2.622688e-02 1.266707e-02 9.619550e-02 -1.165944e-01
<VARIANCE> 25
 4.977517e+00 3.459603e+01 2.447924e+01 4.818050e+01 4.527954e+01 4.201312e+01 3.723469e+01 5.188562e+01 3.384056e+01 3.391542e+01 2.957237e+01 2.347213e+01 2.853672e-01 9.731941e-01 1.060813e+00 1.687751e+00 2.647330e+00 2.603582e+00 1.688520e+00 2.070544e+00 1.758002e+00 1.674396e+00 1.635607e+00 1.615839e+00 3.769045e-01
<GCONST> 9.043281e+01
<STATE> 4
<MEAN> 25
 -1.412253e+00 1.770560e+00 4.456620e+00 -3.493830e-01 -2.980803e+00 4.329249e-01 -1.469405e+00 -3.432713e+00 -2.040055e+00 6.787923e-01 2.774938e+00 8.710800e-02 -2.745555e-01 1.246938e-01 9.723758e-02 -3.563929e-02 7.374773e-03 -2.175318e-01 -1.834596e-01 -3.614796e-02 -1.302120e-01 -7.068220e-02 1.205344e-01 4.360258e-02 -9.590911e-02
<VARIANCE> 25
 6.677686e+01 2.681295e+01 3.978360e+01 3.099440e+01 6.659747e+01 5.896478e+01 4.880390e+01 6.238522e+01 4.590956e+01 3.549703e+01 2.474361e+01 2.316537e+01 4.892380e+00 1.922542e+00 2.645576e+00 2.304108e+00 6.545614e+00 4.435968e+00 2.897748e+00 4.119429e+00 3.437367e+00 3.476874e+00 3.023444e+00 2.244895e+00 3.004468e+00
<GCONST> 1.059916e+02
<TRANSP> 5
 0.000000e+00 1.000000e+00 0.000000e+00 0.000000e+00 0.000000e+00
 0.000000e+00 9.407731e-01 5.922696e-02 0.000000e+00 0.000000e+00
 0.000000e+00 0.000000e+00 9.598230e-01 4.017700e-02 0.000000e+00
 0.000000e+00 0.000000e+00 0.000000e+00 9.587280e-01 4.127208e-02
 0.000000e+00 0.000000e+00 0.000000e+00 0.000000e+00 0.000000e+00
<ENDHMM>
~h "l4_u"
<BEGINHMM>
<NUMSTATES> 5
<STATE> 2
<MEAN> 25
 -1.209793e+00 1.444794e+00 5.432256e+00 5.827526e-01 -5.665566e+00 -6.102941e+00 -2.794033e+00 -3.288873e+00 -7.090624e+00 -8.498722e-01 -2.592510e-02 -3.104724e+00 -9.752366e-02 -3.597135e-02 -2.967136e-02 -8.513942e-02 3.231245e-02 -3.588914e-02 7.684554e-02 -2.606646e-02 2.811154e-02 -4.270809e-03 -1.283633e-01 2.403874e-02 1.330370e-01
<VARIANCE> 25
 1.947479e+01 3.032603e+01 2.447104e+01 3.211395e+01 5.762522e+01 4.805584e+01 3.547850e+01 8.270076e+01 5.782809e+01 4.999929e+01 5.132066e+01 4.077982e+01 1.957353e+00 2.669970e+00 3.173803e+00 2.502488e+00 5.914116e+00 4.625421e+00 3.225564e+00 6.517089e+00 6.343010e+00 3.307870e+00 3.845083e+00 4.797640e+00 3.729167e+00
<GCONST> 1.078762e+02
<STATE> 3
<MEAN> 25
 2.943584e-01 5.256779e-01 -2.874673e+00 -7.498151e+00 2.920803e-01 4.806746e+00 1.172679e+00 -3.950229e+00 1.419153e+00 9.947279e-01 -1.301896e+00 4.003406e-01 5.390183e-02 -6.958739e-02 -2.319108e-02 -1.069963e-01 -2.962610e-02 1.235965e-01 9.141067e-02 -1.255838e-03 4.762090e-02 1.067423e-01 -5.653514e-02 -3.856821e-02 8.520397e-02
<VARIANCE> 25
 8.425410e+01 2.494282e+01 2.763181e+01 5.359749e+01 4.499383e+01 7.079072e+01 4.165611e+01 7.225064e+01 3.909439e+01 2.736625e+01 3.562733e+01 2.999164e+01 3.745350e+00 2.097100e+00 2.170467e+00 5.153790e+00 2.698609e+00 5.260177e+00 3.559055e+00 5.213640e+00 4.137562e+00 2.680540e+00 3.431829e+00 3.034541e+00 2.746775e+00
<GCONST> 1.067321e+02
<STATE> 4
<MEAN> 25
 1.516736e+00 1.984520e-01 -1.557835e+00 -7.652445e-02 6.863406e-01 -7.683618e-01 -9.256198e-01 -1.826016e+00 6.535561e-01 7.166946e-01 -5.094281e-01 2.335060e-01 -2.441140e-03 1.761262e-02 -2.973351e-02 2.464422e-02 4.265515e-02 4.011394e-02 2.093138e-02 -2.495176e-02 1.088628e-02 -1.476162e-02 1.240552e-02 -5.477395e-02 -2.119819e-02
<VARIANCE> 25
 3.095051e+01 2.699912e+01 4.605454e+01 2.530897e+01 1.088363e+02 5.635270e+01 5.957161e+01 4.504696e+01 3.811414e+01 5.700267e+01 6.221782e+01 9.578038e+01 1.463840e+00 1.458176e+00 2.508110e+00 1.630991e+00 3.740845e+00 3.575657e+00 4.456558e+00 3.437476e+00 3.320535e+00 3.434602e+00 3.557033e+00 3.239670e+00 8.307128e-01
<GCONST> 1.049114e+02
<TRANSP> 5
 0.000000e+00 1.000000e+00 0.000000e+00 0.000000e+00 0.000000e+00
 0.000000e+00 9.507260e-01 4.927400e-02 0.000000e+00 0.000000e+00
 0.000000e+00 0.000000e+00 9.630101e-01 3.698988e-02 0.000000e+00
 0.000000e+00 0.000000e+00 0.000000e+00 9.840918e-01 1.590818e-02
 0.000000e+00 0.000000e+00 0.000000e+00 0.000000e+00 0.000000e+00
<ENDHMM>
~h "l5_i"
<BEGINHMM>
<NUMSTATES> 5
<STATE> 2
<MEAN> 25
 2.374274e+00 -3.195843e+00 -3.800478e+00 -1.868269e+00 1.805783e+00 2.904580e-01 -1.673505e+00 -1.963462e+00 2.823163e+00 -1.993700e-01 -3.515960e+00 -8.688073e-01 -1.877701e-02 3.498189e-02 2.167672e-02 -5.568585e-02 4.109442e-02 3.606475e-02 6.598834e-02 -5.309246e-02 1.200006e-02 -1.263374e-02 2.730041e-02 -2.498221e-02 -6.457678e-02
<VARIANCE> 25
 4.104436e+01 4.414551e+01 3.908894e+01 3.604245e+01 6.242681e+01 7.171087e+01 7.133569e+01 6.376135e+01 6.063707e+01 4.086850e+01 4.944694e+01 3.430547e+01 2.936366e+00 3.592058e+00 2.862486e+00 3.423654e+00 4.447822e+00 5.933012e+00 5.374024e+00 4.789178e+00 5.521911e+00 4.051934e+00 3.279208e+00 2.914573e+00 2.017153e+00
<GCONST> 1.100064e+02
<STATE> 3
<MEAN> 25
 3.070702e+00 5.657768e-01 -3.476470e+00 -6.621970e+00 1.102957e+00 7.383218e+00 -1.256613e+00 -4.753486e+00 1.883771e+00 1.814519e-01 1.381598e+00 -2.213671e+00 1.529014e-02 -4.315759e-02 5.102882e-02 4.271870e-02 -2.299078e-02 -1.374936e-02 -7.380276e-02 8.170804e-02 3.769897e-02 3.203930e-02 3.661539e-02 3.786925e-02 2.176058e-02
<VARIANCE> 25
 5.417645e+01 5.241742e+01 3.297144e+01 6.582906e+01 4.269453e+01 6.687327e+01 4.547908e+01 6.030687e+01 3.244844e+01 3.348331e+01 3.191764e+01 3.105318e+01 3.122650e+00 2.695912e+00 1.614487e+00 3.030952e+00 2.719376e+00 3.706414e+00 2.927749e+00 3.121070e+00 2.968100e+00 2.593822e+00 2.211187e+00 2.846952e+00 1.281542e+00
<GCONST> 1.037143e+02
<STATE> 4
<MEAN> 25
 2.371839e+00 4.797140e-01 1.534812e+00 -1.263559e+00 -4.829894e+00 -1.543889e+00 -8.311961e-01 -4.773031e+00 5.431262e-01 6.208639e-01 -1.282282e+00 -3.335819e+00 -2.707187e-02 5.622743e-02 9.157334e-02 6.718105e-02 7.508118e-02 -1.033459e-02 7.430930e-05 -2.584256e-02 -1.270545e-02 -1.260345e-02 3.089082e-02 4.057513e-02 -1.007555e-01
<VARIANCE> 25
 1.416890e+01 3.378400e+01 5.286660e+01 3.360235e+01 9.915256e+01 4.221059e+01 4.834921e+01 7.482701e+01 3.830455e+01 6.008444e+01 3.575924e+01 2.773332e+01 8.053939e-01 1.520689e+00 1.616303e+00 1.574332e+00 4.354733e+00 2.604065e+00 2.661811e+00 3.583142e+00 2.567077e+00 3.052562e+00 2.254917e+00 2.398859e+00 1.071722e+00
<GCONST> 1.004105e+02
<TRANSP> 5
 0.000000e+00 1.000000e+00 0.000000e+00 0.000000e+00 0.000000e+00
 0.000000e+00 9.749202e-01 2.507985e-02 0.000000e+00 0.000000e+00
 0.000000e+00 0.000000e+00 9.633437e-01 3.665627e-02 0.000000e+00
 0.000000e+00 0.000000e+00 0.000000e+00 9.749665e-01 2.503357e-02
 0.000000e+00 0.000000e+00 0.000000e+00 0.000000e+00 0.000000e+00
<ENDHMM>
~h "l5_u"
<BEGINHMM>
<NUMSTATES> 5
<STATE> 2
<MEAN> 25
 3.784943e+00 -5.238627e-01 -3.187591e+00 -5.289823e+00 -9.969932e-01 5.567491e+00 1.753687e+00 -1.627445e+00 5.134382e-01 -1.718698e+00 1.752124e+00 9.291357e-01 7.422446e-02 -1.928417e-02 -8.814602e-02 -3.185170e-02 -9.380586e-03 -6.431762e-02 4.947600e-02 6.003229e-02 2.732734e-02 1.198745e-02 -1.718108e-01 -1.851044e-02 1.406554e-01
<VARIANCE> 25
 4.163003e+01 2.353223e+01 2.215329e+01 7.106841e+01 3.850864e+01 4.382759e+01 4.056974e+01 5.623093e+01 2.651081e+01 2.210549e+01 4.432465e+01 2.014229e+01 2.923666e+00 2.201441e+00 1.862229e+00 6.267866e+00 2.848623e+00 4.769687e+00 2.918097e+00 5.111564e+00 2.788925e+00 2.768489e+00 4.075953e+00 2.738966e+00 2.493743e+00
<GCONST> 1.035283e+02
<STATE> 3
<MEAN> 25
 3.065347e+00 -1.713731e-01 -1.755656e+00 -6.554754e-01 -1.660486e+00 8.150816e-01 -1.460478e+00 -4.768188e+00 -6.287339e-01 -6.902809e-01 -2.850156e+00 -1.418086e+00 -3.329087e-02 9.428763e-02 3.111565e-02 8.236573e-02 -2.454226e-02 -3.176125e-03 5.737764e-02 -6.167869e-02 -7.898030e-02 3.426850e-04 9.075701e-02 5.375613e-04 -1.214590e-01
<VARIANCE> 25
 1.311576e+01 3.686779e+01 4.626538e+01 3.368036e+01 7.374306e+01 5.324277e+01 5.114464e+01 6.237599e+01 8.301022e+01 3.643927e+01 3.990380e+01 2.546314e+01 8.812844e-01 2.134749e+00 2.557542e+00 2.404140e+00 4.925979e+00 4.024153e+00 4.787224e+00 4.936604e+00 5.287255e+00 2.825202e+00 3.942364e+00 2.478581e+00 1.172407e+00
<GCONST> 1.045011e+02
<STATE> 4
<MEAN> 25
 1.965431e-01 -3.326392e-01 2.011312e-01 -4.678422e-02 8.596116e-01 1.594383e+00 -1.222012e+00 -1.606816e-02 1.399462e+00 3.049406e-01 1.868981e+00 5.531724e-01 -1.381326e-01 -2.850114e-02 -3.883907e-02 -6.977227e-02 3.354161e-02 2.335105e-05 5.409599e-02 1.702731e-01 1.631232e-02 4.524167e-02 2.223035e-02 7.398523e-02 2.818423e-02
<VARIANCE> 25
 5.898766e+01 3.111014e+01 5.193296e+01 3.832322e+01 5.110527e+01 7.061203e+01 4.568716e+01 5.995576e+01 4.440236e+01 2.761849e+01 3.007979e+01 2.852528e+01 5.147736e+00 2.652038e+00 2.756510e+00 4.092400e+00 4.629764e+00 5.001779e+00 3.519424e+00 3.826216e+00 4.099571e+00 2.931897e+00 2.644635e+00 2.866952e+00 4.579262e+00
<GCONST> 1.078440e+02
<TRANSP> 5
 0.000000e+00 1.000000e+00 0.000000e+00 0.000000e+00 0.000000e+00
 0.000000e+00 9.662407e-01 3.375931e-02 0.000000e+00 0.000000e+00
 0.000000e+00 0.000000e+00 9.826205e-01 1.737941e-02 0.000000e+00
 0.000000e+00 0.000000e+00 0.000000e+00 9.772215e-01 2.277849e-02
 0.000000e+00 0.000000e+00 0.000000e+00 0.000000e+00 0.000000e+00
<ENDHMM>
~h "sil"
<BEGINHMM>
<NUMSTATES> 5
<STATE> 2
<MEAN> 25
 -2.072841e+00 -2.087296e+00 -1.414634e+00 4.338187e-01 2.817933e+00 9.233633e-01 9.259291e-01 3.209781e+00 6.519433e-01 -2.768998e-01 5.157543e-01 2.002715e+00 -5.209648e-02 -7.553294e-03 -1.523290e-02 2.228308e-02 -1.135173e-02 3.596462e-02 3.343976e-02 1.743415e-03 1.031276e-02 2.736997e-02 6.996894e-02 5.528402e-02 -1.631268e-01
<VARIANCE> 25
 4.307010e+01 3.979868e+01 2.777990e+01 2.212279e+01 3.751893e+01 3.519314e+01 3.346472e+01 4.312255e+01 2.745088e+01 3.851896e+01 3.185053e+01 2.688463e+01 3.586909e-01 6.027609e-01 7.401932e-01 8.586307e-01 1.200606e+00 1.337820e+00 1.516407e+00 1.652586e+00 1.531658e+00 1.574149e+00 1.436140e+00 1.315800e+00 2.383513e-01
<GCONST> 8.748113e+01
<STATE> 3
~s "silst"
<STATE> 4
<MEAN> 25
 2.562833e+00 9.474447e-01 1.738744e+00 3.261632e-01 -2.849405e+00 -1.128236e+00 -3.970796e-01 -2.110954e+00 -1.057506e+00 1.788356e-01 -6.000414e-02 -1.283291e+00 -1.998204e-01 1.184499e-01 -2.539991e-02 7.274534e-02 1.859446e-01 1.582081e-01 6.366196e-02 5.920373e-02 -8.222475e-04 1.045852e-01 3.846054e-02 3.742634e-02 -1.703295e-01
<VARIANCE> 25
 2.590265e+01 3.725649e+01 5.770630e+01 4.050204e+01 6.929379e+01 5.973219e+01 5.323439e+01 6.802760e+01 5.644818e+01 3.924297e+01 3.968662e+01 3.484069e+01 2.008043e+00 2.600464e+00 2.617652e+00 2.571254e+00 4.487742e+00 3.807035e+00 3.706492e+00 4.939305e+00 3.980980e+00 3.244231e+00 2.961445e+00 2.741693e+00 1.841918e+00
<GCONST> 1.066021e+02
<TRANSP> 5
 0.000000e+00 1.000000e+00 0.000000e+00 0.000000e+00 0.000000e+00
 0.000000e+00 8.653526e-01 7.945496e-02 5.519247e-02 0.000000e+00
 0.000000e+00 0.000000e+00 8.532568e-01 1.467432e-01 0.000000e+00
 0.000000e+00 7.958875e-02 0.000000e+00 9.131795e-01 7.231875e-03
 0.000000e+00 0.000000e+00 0.000000e+00 0.000000e+00 0.000000e+00
<ENDHMM>
