~o
<STREAMINFO> 1 25
<VECSIZE> 25<NULLD><MFCC_D_N_Z_0><DIAGC>
~h "ek"
<BEGINHMM>
<NUMSTATES> 5
<STATE> 2
<MEAN> 25
 -1.156024e+00 1.293233e+00 2.839433e-01 -6.133916e-01 -1.365977e+00 2.163172e-02 -4.176077e-01 -3.436175e+00 -1.026566e+00 7.202874e-01 -2.387880e+00 -1.209890e+00 8.001865e-01 -7.172782e-01 3.392895e-01 1.366019e+00 6.252108e-02 -1.154526e+00 -2.190891e+00 -1.644856e+00 -7.029378e-01 -1.910571e-01 -7.178068e-02 -5.812426e-01 9.173528e-01
<VARIANCE> 25
 4.567006e+00 7.231700e+00 7.716523e+00 6.236377e+00 5.563237e+00 2.136897e+01 2.967716e+01 9.096870e+00 5.803777e+00 1.069346e+01 4.297093e+00 3.792511e+00 1.400079e+00 2.116983e+00 4.861233e-01 3.063814e+00 4.794542e+00 1.109064e+00 3.563424e+00 9.864526e-01 1.372741e+00 1.009477e+00 1.170563e+00 6.392241e-01 6.213873e-01
<GCONST> 7.458695e+01
<STATE> 3
<MEAN> 25
 3.885130e+00 -3.580658e+00 1.341610e+00 8.197672e+00 3.026418e+00 -4.268252e+00 -9.217813e+00 -7.523005e+00 -2.370040e+00 -1.036755e+00 -9.449340e-01 -8.432982e-01 1.693215e+00 -1.431843e+00 5.246592e-01 2.489939e+00 1.053664e+00 -8.075590e-01 -2.154297e+00 -1.508290e+00 -6.221352e-01 -6.273713e-01 2.191653e-01 2.037082e-01 2.177149e+00
<VARIANCE> 25
 4.157092e+01 3.838574e+01 1.105010e+01 7.313832e+01 5.796736e+01 5.250597e+01 1.009658e+02 3.225867e+01 1.434445e+01 9.717477e+00 1.222526e+01 1.374711e+01 3.005949e+00 1.702537e+00 5.640839e-01 4.082891e+00 5.500104e+00 1.220406e+00 5.133861e+00 2.835414e+00 1.811577e+00 1.050168e+00 7.468130e-01 9.662655e-01 3.194716e+00
<GCONST> 9.471516e+01
<STATE> 4
<MEAN> 25
 6.688108e+00 -6.560373e+00 2.562755e+00 8.137693e+00 6.773644e-01 -2.675994e+00 -5.261970e+00 -5.132166e+00 -1.307716e+00 -2.083369e+00 -6.394337e-01 -3.495759e-01 -3.026283e-02 8.513191e-02 -2.597447e-02 -1.497157e-01 -5.882572e-02 1.538480e-01 2.926086e-01 1.930519e-01 5.868913e-02 2.067982e-02 -3.024889e-03 2.405540e-02 -7.184216e-02
<VARIANCE> 25
 2.623597e+01 5.916931e+01 1.500173e+01 1.188868e+02 9.242538e+01 9.606431e+01 1.664080e+02 4.187119e+01 2.163504e+01 2.527027e+01 1.655578e+01 1.857315e+01 1.932396e+00 4.528110e+00 1.388090e+00 5.189245e+00 5.907001e+00 3.621162e+00 4.120381e+00 2.787906e+00 1.677121e+00 2.273651e+00 1.810106e+00 1.450932e+00 3.894493e+00
<GCONST> 1.040650e+02
<TRANSP> 5
 0.000000e+00 1.000000e+00 0.000000e+00 0.000000e+00 0.000000e+00
 0.000000e+00 3.785753e-01 6.214247e-01 0.000000e+00 0.000000e+00
 0.000000e+00 0.000000e+00 5.966263e-01 4.033737e-01 0.000000e+00
 0.000000e+00 0.000000e+00 0.000000e+00 9.786997e-01 2.130034e-02
 0.000000e+00 0.000000e+00 0.000000e+00 0.000000e+00 0.000000e+00
<ENDHMM>
~h "saat"
<BEGINHMM>
<NUMSTATES> 5
<STATE> 2
<MEAN> 25
 -3.845629e+00 -2.526038e-01 2.753149e+00 2.675084e+00 -4.434571e-01 -8.579134e-01 -1.920270e-01 -7.469270e-01 -2.146931e+00 7.351589e-02 1.574439e+00 -1.672971e-01 -1.590967e-01 -2.552001e+00 1.896207e+00 1.308002e+00 -2.169783e+00 4.175155e-01 9.597304e-01 -6.515821e-01 -3.777291e-01 -6.677503e-01 5.796385e-01 2.176354e-01 1.099818e+00
<VARIANCE> 25
 1.333701e+00 2.839316e+01 2.453557e+01 1.242094e+01 2.591576e+01 1.924088e+01 1.803912e+01 1.997184e+01 6.783471e+00 1.306746e+01 7.418899e+00 8.900677e+00 3.310573e-01 2.366949e+00 2.025595e+00 4.792303e-01 1.902596e+00 4.825927e+00 2.903457e+00 2.537752e+00 6.764738e-01 2.230420e+00 1.173066e+00 5.976844e-01 6.068964e-01
<GCONST> 7.957176e+01
<STATE> 3
<MEAN> 25
 -3.023970e+00 -1.388020e+01 1.312715e+01 6.704209e+00 -1.187176e+01 5.425627e+00 2.313409e+00 -8.208529e+00 6.982820e-01 -1.010791e+00 4.049892e-01 1.764695e+00 9.583076e-01 -1.166873e+00 1.761519e-01 2.396498e-01 -8.099660e-01 -1.572896e-01 -4.498657e-01 -5.441811e-01 1.772643e-01 -7.132165e-01 -3.367009e-01 3.599856e-01 1.322765e+00
<VARIANCE> 25
 1.349987e+01 3.801282e+01 3.476208e+01 1.616505e+01 3.178535e+01 3.488886e+01 1.891738e+01 2.523434e+01 1.527501e+01 1.541840e+01 1.298048e+01 1.017367e+01 3.472650e+00 3.834796e+00 5.058726e+00 1.052771e+00 3.683697e+00 4.455723e+00 2.950091e+00 2.710487e+00 1.441278e+00 2.114932e+00 1.131187e+00 8.281692e-01 1.151013e+00
<GCONST> 9.237196e+01
<STATE> 4
<MEAN> 25
 3.325322e+00 -2.799910e+00 -3.722344e-01 -2.449946e-01 -3.916897e+00 -8.878959e-01 1.124436e-01 -8.317203e-01 1.060845e+00 -1.884083e-01 -4.111862e-01 1.004582e+00 -3.604066e-02 1.306686e-01 -5.093884e-02 -3.715650e-02 8.745227e-02 1.038300e-02 3.447663e-02 3.858938e-02 1.304797e-02 9.153026e-02 7.739053e-04 -4.035451e-02 -9.794398e-02
<VARIANCE> 25
 7.811851e+01 7.156486e+01 1.235359e+01 1.891199e+01 7.796277e+01 2.335436e+01 1.587435e+01 2.903902e+01 2.715944e+01 3.035956e+01 1.505873e+01 1.964359e+01 1.326130e+00 4.438467e+00 1.381538e+00 2.042137e+00 1.924951e+00 1.432756e+00 1.175652e+00 2.632816e+00 3.074665e+00 2.064838e+00 1.576265e+00 1.415470e+00 1.857066e+00
<GCONST> 9.429831e+01
<TRANSP> 5
 0.000000e+00 1.000000e+00 0.000000e+00 0.000000e+00 0.000000e+00
 0.000000e+00 5.466599e-01 4.533401e-01 0.000000e+00 0.000000e+00
 0.000000e+00 0.000000e+00 9.018348e-01 9.816517e-02 0.000000e+00
 0.000000e+00 0.000000e+00 0.000000e+00 9.909014e-01 9.098628e-03
 0.000000e+00 0.000000e+00 0.000000e+00 0.000000e+00 0.000000e+00
<ENDHMM>
~h "saha"
<BEGINHMM>
<NUMSTATES> 5
<STATE> 2
<MEAN> 25
 -3.449653e+00 -4.826609e+00 3.114113e+00 3.794101e+00 -3.633637e+00 1.156316e+00 4.367132e+00 -1.260209e+00 -3.351550e+00 -1.541846e-01 2.886824e+00 -8.724767e-02 -3.006646e-02 -3.274698e+00 2.009114e+00 1.074435e+00 -2.560829e+00 1.368220e+00 1.430852e+00 -9.211636e-01 7.383794e-01 2.788103e-01 4.838777e-02 2.175028e-01 1.592054e+00
<VARIANCE> 25
 5.393745e+00 7.838716e+01 2.525647e+01 1.434164e+01 3.009787e+01 1.929093e+01 1.280004e+01 3.197408e+01 1.476888e+01 3.071416e+01 1.047658e+01 2.082425e+01 4.017787e-01 4.263419e+00 1.393651e+00 1.539994e+00 2.199161e+00 1.517880e+00 1.194208e+00 2.057660e+00 1.201176e+00 3.490884e+00 1.016169e+00 2.426900e+00 1.004416e+00
<GCONST> 8.751392e+01
<STATE> 3
<MEAN> 25
 1.587127e+00 -1.630432e+01 7.433409e+00 5.816338e+00 -9.529678e+00 1.752380e+00 2.560029e-01 -5.748691e+00 -9.063482e-03 -2.754944e+00 1.596672e+00 3.730856e+00 1.275852e+00 -1.172325e-02 -5.346999e-01 -2.945297e-01 -4.127398e-02 -6.071272e-01 -6.487389e-01 6.506078e-02 1.432211e-01 -3.711789e-01 -1.631757e-01 3.500799e-01 1.272382e+00
<VARIANCE> 25
 8.859609e+01 7.747014e+01 6.637505e+01 3.436018e+01 3.283719e+01 6.771060e+01 4.863386e+01 3.639790e+01 3.300901e+01 4.441533e+01 1.647663e+01 2.362888e+01 4.043370e+00 7.461505e+00 5.002303e+00 2.266758e+00 4.034968e+00 6.278825e+00 2.672569e+00 2.510127e+00 4.723351e+00 3.481206e+00 2.045478e+00 1.686005e+00 1.252196e+00
<GCONST> 1.061870e+02
<STATE> 4
<MEAN> 25
 1.233654e+01 -2.199995e+00 -3.160890e-01 -1.690307e+00 -7.049870e+00 -1.644772e+00 1.160721e+00 1.228138e+00 7.092587e+00 2.683671e+00 -3.077206e+00 4.483486e-01 -3.375018e-01 2.556376e-01 1.908301e-01 7.946305e-02 1.282272e-01 2.059485e-01 2.141416e-01 1.035234e-01 9.591927e-02 2.231771e-01 3.541509e-02 -1.631221e-01 -4.723134e-01
<VARIANCE> 25
 4.644254e+01 3.478085e+01 5.374878e+01 4.933804e+01 6.629286e+01 3.399442e+01 2.711435e+01 4.861710e+01 2.911856e+01 4.212345e+01 2.144419e+01 1.773362e+01 9.489475e-01 2.180078e+00 1.760723e+00 1.332309e+00 1.928899e+00 2.095470e+00 1.605319e+00 1.516144e+00 2.151899e+00 1.815996e+00 1.175830e+00 1.423137e+00 9.492038e-01
<GCONST> 9.486595e+01
<TRANSP> 5
 0.000000e+00 1.000000e+00 0.000000e+00 0.000000e+00 0.000000e+00
 0.000000e+00 6.391909e-01 3.608091e-01 0.000000e+00 0.000000e+00
 0.000000e+00 0.000000e+00 9.396359e-01 6.036413e-02 0.000000e+00
 0.000000e+00 0.000000e+00 0.000000e+00 9.771371e-01 2.286291e-02
 0.000000e+00 0.000000e+00 0.000000e+00 0.000000e+00 0.000000e+00
<ENDHMM>
~h "char"
<BEGINHMM>
<NUMSTATES> 5
<STATE> 2
<MEAN> 25
 -4.157179e+00 4.272080e+00 8.660895e-01 1.744488e-01 1.372157e+00 -1.284730e-01 1.570668e+00 1.064973e+00 -4.094206e-01 2.111024e+00 -1.715595e-01 -8.523812e-01 7.313449e-01 -2.040245e+00 4.313908e-02 5.264077e-01 -1.680672e+00 -1.110274e+00 -1.691084e-01 -4.132664e-02 -1.485241e-01 -1.050833e+00 -9.450852e-01 -3.681248e-01 1.286319e+00
<VARIANCE> 25
 1.112008e+00 7.958298e-01 2.035458e+00 2.800859e+00 8.293252e+00 8.309256e+00 1.139187e+01 1.681565e+01 4.496951e+00 2.394342e+00 5.349564e+00 5.204352e+00 4.509207e-01 3.702230e+00 3.758932e-01 6.104029e-01 2.101888e+00 9.710567e-01 5.427510e-01 1.629307e+00 3.748244e+00 2.837309e+00 9.810348e-01 9.290594e-01 1.479256e+00
<GCONST> 6.505026e+01
<STATE> 3
<MEAN> 25
 -2.873412e+00 2.919765e+00 8.471137e-02 4.904195e-01 6.610140e-01 -1.465950e-01 1.819282e+00 8.059573e-02 -2.228955e+00 -2.426284e-01 -1.376681e+00 -2.575160e+00 4.986118e-01 -6.005645e+00 1.148014e+00 1.626443e+00 -3.417338e+00 -1.364300e+00 -7.680907e-01 -3.437818e-02 9.004933e-01 -2.575560e+00 -1.271405e+00 4.573561e-01 3.022454e+00
<VARIANCE> 25
 1.550533e+00 1.332224e+01 2.231622e+00 2.460123e+00 6.964221e+00 7.680683e+00 4.878179e+00 6.343139e+00 7.297657e+00 1.128399e+01 1.218788e+01 7.985070e+00 6.661392e-01 5.478516e+00 1.063469e+00 1.548664e+00 3.586079e+00 1.388920e+00 5.023996e-01 1.914745e+00 4.184472e+00 3.719761e+00 9.123807e-01 8.066810e-01 1.604627e+00
<GCONST> 7.335022e+01
<STATE> 4
<MEAN> 25
 1.220991e+01 -1.059895e+01 -1.328848e+00 1.411810e+00 -7.496488e+00 -3.702761e+00 -3.470728e+00 -3.300943e+00 2.092625e+00 -3.162962e+00 -6.270580e-01 4.939596e+00 2.380060e-01 2.530831e-01 -3.124983e-03 -7.730799e-02 4.690773e-02 6.779449e-02 3.495279e-02 -5.415333e-03 7.049135e-02 1.201220e-01 1.214411e-01 6.111568e-02 8.518970e-02
<VARIANCE> 25
 5.501035e+01 6.993435e+01 4.563816e+01 5.270883e+01 4.371698e+01 2.070056e+01 3.280172e+01 5.878727e+01 6.198511e+01 5.040554e+01 2.306033e+01 3.183281e+01 2.953535e+00 7.161544e+00 3.607587e+00 4.028324e+00 4.985501e+00 2.222859e+00 2.169580e+00 4.044005e+00 4.906272e+00 3.204088e+00 1.781570e+00 2.474189e+00 3.001466e+00
<GCONST> 1.066481e+02
<TRANSP> 5
 0.000000e+00 1.000000e+00 0.000000e+00 0.000000e+00 0.000000e+00
 0.000000e+00 2.092298e-01 7.907702e-01 0.000000e+00 0.000000e+00
 0.000000e+00 0.000000e+00 1.502368e-01 8.497633e-01 0.000000e+00
 0.000000e+00 0.000000e+00 0.000000e+00 9.733000e-01 2.670008e-02
 0.000000e+00 0.000000e+00 0.000000e+00 0.000000e+00 0.000000e+00
<ENDHMM>
~h "teen"
<BEGINHMM>
<NUMSTATES> 5
<STATE> 2
<MEAN> 25
 -1.419197e+00 -3.300388e+00 -1.359705e+00 -2.778829e+00 -5.877329e+00 -2.084527e+00 -1.040448e+00 -1.082437e+00 8.274592e-01 2.108954e+00 2.558104e+00 1.143113e-01 1.565074e+00 -3.521536e+00 1.947042e+00 2.482673e+00 -1.272481e+00 -3.587489e-01 -1.222934e+00 -1.404532e+00 5.927120e-01 -2.243371e-01 -5.816149e-01 -6.520771e-01 2.902403e+00
<VARIANCE> 25
 1.192944e+01 6.967503e+01 1.591224e+01 1.633048e+01 6.471724e+01 7.393830e+00 1.806717e+01 2.902379e+01 8.687759e+00 9.739717e+00 1.674187e+01 7.281265e+00 1.540979e+00 4.948727e+00 3.247003e+00 5.552143e+00 7.761863e+00 9.124070e-01 1.159179e+00 2.330672e+00 1.102789e+00 3.141006e+00 1.618884e+00 9.087271e-01 4.232208e+00
<GCONST> 9.085017e+01
<STATE> 3
<MEAN> 25
 4.009214e+00 -1.278950e+01 5.340116e+00 8.473456e+00 -4.806429e+00 -2.367477e+00 -3.599316e+00 -4.370382e+00 4.158464e-01 -1.288616e+00 6.421735e-01 -3.842351e-01 2.278302e+00 -2.011114e+00 1.937808e+00 5.330076e+00 2.970690e+00 -4.731370e-01 -1.817621e+00 -1.282800e+00 -8.734663e-01 -1.660317e+00 -1.125451e+00 1.803596e-01 3.195550e+00
<VARIANCE> 25
 3.239565e+01 6.678905e+01 3.732967e+01 8.495749e+01 8.615410e+01 1.257281e+01 3.504244e+01 2.888034e+01 2.664973e+01 3.018633e+01 1.589982e+01 8.687494e+00 8.743491e-01 1.018670e+01 3.450771e+00 4.188986e+00 1.208016e+01 1.239330e+00 3.214716e+00 4.666788e+00 2.682306e+00 3.377711e+00 1.894044e+00 2.217024e+00 2.467134e+00
<GCONST> 1.020282e+02
<STATE> 4
<MEAN> 25
 7.681441e+00 -3.376991e+00 6.238479e+00 1.019963e+01 3.074789e+00 -7.445242e-01 -6.216286e+00 -5.021849e+00 1.117291e+00 -2.763620e+00 -3.055324e+00 -4.786916e-01 -5.714045e-02 1.812476e-01 -5.618526e-02 -2.218436e-01 -5.421349e-02 1.000391e-01 1.243289e-01 7.750981e-02 7.875950e-02 9.422992e-02 4.728997e-02 1.602774e-02 -1.398684e-01
<VARIANCE> 25
 3.102141e+01 6.511018e+01 2.323944e+01 8.387242e+01 2.264788e+01 6.847955e+01 1.050409e+02 3.767562e+01 3.048188e+01 2.015887e+01 2.227885e+01 2.035481e+01 1.063392e+00 2.070725e+00 1.286065e+00 2.912297e+00 1.699907e+00 4.096279e+00 2.699288e+00 2.010954e+00 2.171552e+00 1.637751e+00 1.291679e+00 1.824783e+00 1.403093e+00
<GCONST> 9.750751e+01
<TRANSP> 5
 0.000000e+00 1.000000e+00 0.000000e+00 0.000000e+00 0.000000e+00
 0.000000e+00 5.061515e-01 4.938485e-01 0.000000e+00 0.000000e+00
 0.000000e+00 0.000000e+00 5.560382e-01 4.439617e-01 0.000000e+00
 0.000000e+00 0.000000e+00 0.000000e+00 9.823379e-01 1.766212e-02
 0.000000e+00 0.000000e+00 0.000000e+00 0.000000e+00 0.000000e+00
<ENDHMM>
~h "don"
<BEGINHMM>
<NUMSTATES> 5
<STATE> 2
<MEAN> 25
 1.889255e+00 5.671834e+00 4.955483e+00 4.935230e+00 2.952811e+00 2.826052e+00 4.040659e+00 -1.864152e+00 -3.552131e+00 1.394196e-01 -1.311444e+00 -2.761616e+00 1.749522e+00 9.231054e-01 1.662768e+00 1.754869e+00 1.020543e+00 3.193568e-01 -2.439831e-01 -4.270502e-01 -1.022318e-01 -7.822400e-01 -7.645508e-01 -4.830061e-01 1.310016e+00
<VARIANCE> 25
 1.827370e+01 1.524450e+01 2.055024e+01 1.751602e+01 1.270838e+01 1.303599e+01 8.074152e+00 1.521647e+01 1.448125e+01 1.098772e+01 1.306110e+01 1.632569e+01 7.967930e-01 3.665149e+00 1.491645e+00 1.280991e+00 2.064552e+00 2.926750e+00 1.157531e+00 2.817738e+00 7.241019e-01 9.832956e-01 2.832467e+00 2.895777e+00 6.300569e-01
<GCONST> 8.381868e+01
<STATE> 3
<MEAN> 25
 7.393997e+00 3.582472e+00 7.386353e+00 9.014171e+00 3.380983e+00 7.338119e-01 1.527350e+00 -6.334855e-01 -2.333986e+00 -4.103134e+00 -3.232562e+00 -1.765755e+00 1.559553e+00 -1.519466e+00 -9.511809e-02 2.835855e-01 -5.721558e-01 -8.552768e-01 -1.103921e+00 4.398695e-01 6.767324e-01 -1.683314e+00 -1.133884e+00 6.337306e-01 2.157668e+00
<VARIANCE> 25
 1.757746e+01 4.736875e+01 8.187729e+00 1.897355e+01 2.209254e+01 4.624113e+01 1.790814e+01 3.518541e+01 1.271035e+01 5.331433e+01 1.727035e+01 1.971055e+01 1.114050e+00 7.082296e+00 1.917598e+00 4.928251e+00 5.022827e+00 6.056431e+00 3.234366e+00 5.135922e+00 9.901972e-01 5.826882e+00 3.194209e+00 2.171829e+00 2.394531e+00
<GCONST> 9.854054e+01
<STATE> 4
<MEAN> 25
 1.096931e+01 -1.796367e+00 5.319377e+00 5.351243e+00 -1.007187e+00 -2.406643e+00 -7.386180e+00 -1.699040e+00 6.725270e+00 -4.551978e+00 -7.698919e+00 3.074038e-01 -1.681387e-01 5.234985e-02 -4.052248e-02 -8.087338e-02 5.329027e-02 1.613972e-01 4.339072e-02 -7.227690e-02 3.683394e-02 2.077589e-01 1.235390e-01 3.367828e-04 -2.012203e-01
<VARIANCE> 25
 2.294177e+01 2.616546e+01 1.492966e+01 2.257047e+01 9.887093e+01 9.779687e+01 7.708672e+01 5.249803e+01 6.799513e+01 4.850467e+01 4.774537e+01 1.710711e+01 6.322229e-01 1.389362e+00 1.211225e+00 2.310243e+00 4.661129e+00 3.955114e+00 3.576074e+00 3.549385e+00 4.314330e+00 3.920561e+00 2.390321e+00 1.649105e+00 1.319974e+00
<GCONST> 1.012853e+02
<TRANSP> 5
 0.000000e+00 1.000000e+00 0.000000e+00 0.000000e+00 0.000000e+00
 0.000000e+00 7.310840e-01 2.689160e-01 0.000000e+00 0.000000e+00
 0.000000e+00 0.000000e+00 7.566554e-01 2.433446e-01 0.000000e+00
 0.000000e+00 0.000000e+00 0.000000e+00 9.746013e-01 2.539867e-02
 0.000000e+00 0.000000e+00 0.000000e+00 0.000000e+00 0.000000e+00
<ENDHMM>
~h "nau"
<BEGINHMM>
<NUMSTATES> 5
<STATE> 2
<MEAN> 25
 -3.734880e+00 -1.669865e+00 -1.866397e+00 -8.903513e-01 -9.747479e-01 6.500812e-01 2.761130e+00 5.743694e-01 -1.126427e+00 3.060466e-01 4.158604e-01 2.137283e-01 -1.519455e-02 4.809979e-03 1.204643e-02 8.287333e-03 -2.915811e-03 -4.185888e-02 -4.511140e-02 1.852371e-03 3.200217e-02 3.852840e-02 3.645593e-02 8.021286e-03 -1.213528e-02
<VARIANCE> 25
 2.513585e+00 6.120463e+00 3.071132e+00 5.596301e+00 6.541037e+00 1.088641e+01 1.059211e+01 1.045002e+01 1.001616e+01 1.625189e+01 8.734640e+00 7.441378e+00 1.179252e-01 4.281240e-01 3.121567e-01 4.690715e-01 8.044233e-01 1.294329e+00 1.296493e+00 1.101797e+00 1.090508e+00 1.328096e+00 9.648054e-01 8.434952e-01 9.052803e-02
<GCONST> 6.301545e+01
<STATE> 3
<MEAN> 25
 -4.819641e+00 4.163474e-01 -1.813649e+00 -1.725588e+00 -7.557718e-01 -6.498424e-01 1.640131e+00 8.006318e-01 6.779383e-01 3.722216e+00 2.820705e+00 -1.909900e-01 3.788645e-01 5.326165e-01 4.201770e-01 3.641737e-01 2.757383e-01 -6.666236e-02 -9.286677e-02 1.192828e-02 7.640120e-02 6.627715e-02 -1.892265e-01 -4.251815e-01 1.884419e-01
<VARIANCE> 25
 1.217306e+00 3.246936e+00 3.340999e+00 3.506515e+00 4.413805e+00 1.120077e+01 5.892987e+00 1.094759e+01 9.081204e+00 1.620060e+01 1.110659e+01 4.430408e+00 4.701969e-01 4.045328e-01 5.897421e-01 9.526572e-01 1.036371e+00 5.876008e-01 6.181872e-01 1.152656e+00 8.783853e-01 1.137235e+00 1.698818e+00 1.074269e+00 2.095914e-01
<GCONST> 6.270390e+01
<STATE> 4
<MEAN> 25
 1.317723e+01 2.243710e-01 3.673515e+00 5.638001e+00 7.058543e-02 -5.282001e+00 -8.861196e+00 -2.472655e+00 3.886356e+00 -2.707617e+00 -3.049013e+00 1.067420e+00 2.484134e-01 5.709708e-02 1.989080e-01 1.282593e-01 -5.400370e-02 1.848290e-02 -5.791079e-02 -1.528713e-01 -6.623171e-02 -1.023144e-01 -1.007331e-01 2.284808e-02 2.007971e-01
<VARIANCE> 25
 4.164326e+01 4.721698e+01 2.519342e+01 4.185505e+01 8.358597e+01 1.176511e+02 6.334441e+01 6.957367e+01 4.557013e+01 4.850361e+01 1.363808e+01 3.447049e+01 1.866282e+00 2.007609e+00 1.320019e+00 3.806389e+00 4.236056e+00 5.438928e+00 3.537073e+00 4.834307e+00 2.445074e+00 3.584630e+00 1.912737e+00 2.550282e+00 1.995391e+00
<GCONST> 1.052878e+02
<TRANSP> 5
 0.000000e+00 1.000000e+00 0.000000e+00 0.000000e+00 0.000000e+00
 0.000000e+00 9.860694e-01 1.393065e-02 0.000000e+00 0.000000e+00
 0.000000e+00 0.000000e+00 7.055181e-01 2.944819e-01 0.000000e+00
 0.000000e+00 0.000000e+00 0.000000e+00 9.756851e-01 2.431496e-02
 0.000000e+00 0.000000e+00 0.000000e+00 0.000000e+00 0.000000e+00
<ENDHMM>
~h "sil"
<BEGINHMM>
<NUMSTATES> 5
<STATE> 2
<MEAN> 25
 -1.109130e-01 1.012162e+01 1.879494e+00 -5.435212e+00 9.370714e+00 -6.003469e-01 -8.149287e-01 7.549320e+00 -1.005511e+00 1.117052e+00 5.319349e+00 -3.015581e+00 -1.091735e+00 -2.457148e-01 -3.443702e-01 -1.306301e-01 -1.881152e-01 5.739320e-02 1.112253e-02 3.580636e-02 -1.463076e-01 1.159360e-01 -7.026700e-02 -1.515540e-02 1.517230e+00
<VARIANCE> 25
 2.746588e+01 1.694339e+01 9.232883e+00 1.867268e+01 2.340584e+01 5.609524e+00 1.074373e+01 1.647443e+01 6.076521e+00 5.789423e+00 8.878707e+00 4.878736e+00 3.332816e+00 4.900749e-01 5.768635e-01 2.526651e-01 3.994526e-01 3.186732e-01 3.975683e-01 3.560927e-01 4.539562e-01 3.569508e-01 3.854331e-01 3.580363e-01 8.730382e+00
<GCONST> 6.753715e+01
<STATE> 3
<MEAN> 25
 -1.112851e+01 7.262610e+00 -1.964722e+00 -5.368097e+00 5.386306e+00 -3.452504e-01 -1.388722e+00 4.942705e+00 -3.460461e+00 1.486321e-01 2.827123e+00 -2.589617e+00 9.028226e-03 -3.138072e-01 -1.931288e-01 2.467721e-01 -4.107876e-01 4.370719e-02 1.199217e-01 -4.183095e-01 -1.986772e-02 -1.414053e-01 -3.155340e-01 1.073206e-01 1.903373e+00
<VARIANCE> 25
 3.022607e+01 1.089806e+01 9.045339e+00 1.753695e+01 1.843984e+01 9.063668e+00 1.455972e+01 1.836080e+01 1.226824e+01 1.063538e+01 1.052455e+01 9.024492e+00 2.937425e+00 5.415215e-01 7.300948e-01 6.347059e-01 7.436548e-01 7.835016e-01 1.146461e+00 1.271367e+00 1.086692e+00 9.350458e-01 1.012370e+00 8.237404e-01 5.570570e+00
<GCONST> 7.802635e+01
<STATE> 4
<MEAN> 25
 -2.058336e+00 6.948178e-01 -7.854934e-01 -6.413293e-01 -4.496656e-02 7.669474e-01 1.640505e+00 1.340745e-01 -6.160362e-01 5.108216e-01 1.060468e-01 -7.853504e-02 -3.615358e-02 -1.703455e-02 -1.851952e-02 -2.361287e-02 -7.958278e-03 -1.750568e-02 -9.058835e-03 7.390685e-03 -8.719806e-03 3.952770e-03 1.696691e-02 3.185821e-03 -1.256612e-02
<VARIANCE> 25
 5.516397e+00 7.421475e+00 7.224200e+00 9.061371e+00 1.038631e+01 1.008772e+01 1.080849e+01 1.134999e+01 1.138542e+01 1.021009e+01 9.228489e+00 8.459129e+00 1.874706e-01 4.742447e-01 4.203947e-01 6.098209e-01 7.418727e-01 8.375463e-01 9.475046e-01 1.018410e+00 1.050579e+00 1.000647e+00 9.573479e-01 8.375444e-01 1.760526e-01
<GCONST> 6.621439e+01
<TRANSP> 5
 0.000000e+00 1.000000e+00 0.000000e+00 0.000000e+00 0.000000e+00
 0.000000e+00 7.685153e-01 2.314846e-01 0.000000e+00 0.000000e+00
 0.000000e+00 0.000000e+00 8.686779e-01 1.313221e-01 0.000000e+00
 0.000000e+00 0.000000e+00 0.000000e+00 9.826871e-01 1.731291e-02
 0.000000e+00 0.000000e+00 0.000000e+00 0.000000e+00 0.000000e+00
<ENDHMM>
~h "shunya"
<BEGINHMM>
<NUMSTATES> 5
<STATE> 2
<MEAN> 25
 -2.205898e+00 -3.207551e+00 -6.657436e-01 2.041448e+00 -1.948620e-01 -1.980227e+00 -1.049531e+00 1.821288e+00 3.137528e+00 -5.426286e-01 -1.834574e+00 -1.547473e+00 2.340612e-01 -1.434515e+00 3.683735e-01 8.931409e-01 3.770152e-02 2.724094e-01 -6.136052e-01 -5.191200e-01 1.053296e+00 2.246546e-01 -5.328165e-01 -6.808193e-02 8.221277e-01
<VARIANCE> 25
 5.900807e+00 5.024287e+01 1.600595e+01 1.893642e+01 1.496019e+01 1.520515e+01 2.032221e+01 3.431558e+01 3.167002e+01 2.611316e+01 1.926745e+01 1.810867e+01 4.421738e-01 6.788119e+00 2.456609e+00 2.262725e+00 1.234706e+00 2.867401e+00 2.016943e+00 4.711712e+00 2.818329e+00 2.538452e+00 3.399157e+00 2.419106e+00 1.571498e+00
<GCONST> 9.275687e+01
<STATE> 3
<MEAN> 25
 2.416229e-02 -1.602827e+01 2.935970e+00 9.543605e+00 8.870233e-01 1.642122e+00 -5.374838e+00 -3.180245e+00 9.168688e+00 1.377567e+00 -3.138182e+00 -2.255295e-01 8.553177e-01 -9.873230e-01 2.116005e-01 4.858438e-01 1.999813e-01 3.251437e-01 -6.685855e-01 -7.082055e-01 -1.267721e-01 -2.891066e-01 4.107821e-01 6.457741e-01 1.207697e+00
<VARIANCE> 25
 3.547168e+01 1.199135e+02 2.220639e+01 2.890415e+01 2.707770e+01 3.372102e+01 1.999831e+01 2.898489e+01 4.686510e+01 3.927746e+01 1.972864e+01 2.032753e+01 2.469685e+00 9.103909e+00 2.677959e+00 2.930244e+00 2.437938e+00 3.081838e+00 2.610337e+00 2.315920e+00 4.456610e+00 4.131245e+00 2.181246e+00 1.443075e+00 1.353312e+00
<GCONST> 1.008091e+02
<STATE> 4
<MEAN> 25
 1.312330e+01 -7.103476e+00 3.235246e+00 8.227424e+00 4.182604e+00 2.020902e+00 -1.102341e+01 -9.705117e+00 2.959661e+00 -3.866769e+00 -3.782573e+00 4.468122e+00 1.131940e-02 5.328674e-01 -9.830695e-02 -2.178078e-01 -6.915400e-02 -1.045692e-01 2.498914e-01 1.600306e-01 -1.372046e-01 4.283546e-02 -4.269080e-02 -1.372332e-01 -2.500517e-01
<VARIANCE> 25
 2.808970e+01 9.212445e+01 3.455786e+01 3.451205e+01 4.942271e+01 9.134180e+01 6.710329e+01 8.379302e+01 4.358899e+01 3.956166e+01 3.229783e+01 5.131825e+01 1.697209e+00 3.718897e+00 1.665673e+00 1.969696e+00 2.818607e+00 3.336545e+00 1.579115e+00 2.585033e+00 2.961360e+00 2.585284e+00 2.301224e+00 3.153737e+00 1.386957e+00
<GCONST> 1.038277e+02
<TRANSP> 5
 0.000000e+00 1.000000e+00 0.000000e+00 0.000000e+00 0.000000e+00
 0.000000e+00 8.759940e-01 1.240060e-01 0.000000e+00 0.000000e+00
 0.000000e+00 0.000000e+00 9.010951e-01 9.890486e-02 0.000000e+00
 0.000000e+00 0.000000e+00 0.000000e+00 9.751793e-01 2.482072e-02
 0.000000e+00 0.000000e+00 0.000000e+00 0.000000e+00 0.000000e+00
<ENDHMM>
~h "pach"
<BEGINHMM>
<NUMSTATES> 5
<STATE> 2
<MEAN> 25
 -2.553630e+00 1.933910e+00 -8.833302e-01 1.172821e-01 2.250581e+00 9.298245e-01 6.256803e-01 4.036704e-01 -1.015173e+00 -3.610183e-02 -2.357314e-01 -5.513697e-01 3.424764e-02 -2.445859e-02 1.625757e-02 1.566484e-02 -8.710012e-03 1.580060e-02 5.766545e-03 -1.803667e-02 9.497907e-03 9.576994e-03 -3.786905e-03 3.191791e-02 5.459724e-02
<VARIANCE> 25
 2.207905e+00 4.325809e+00 2.674345e+00 3.400430e+00 6.249674e+00 7.023704e+00 6.928654e+00 7.432530e+00 6.927498e+00 6.184896e+00 7.865749e+00 5.327291e+00 1.308473e-01 2.861856e-01 2.746341e-01 3.692572e-01 6.451284e-01 8.414575e-01 8.506085e-01 8.227285e-01 8.041000e-01 7.619060e-01 9.334369e-01 6.998507e-01 1.289089e-01
<GCONST> 5.612185e+01
<STATE> 3
<MEAN> 25
 -3.968064e+00 1.646553e+00 -8.428468e-01 8.068389e-01 3.229883e+00 -1.208252e-02 -2.067141e-01 1.133272e+00 -7.018806e-01 1.132964e-01 1.287528e+00 -4.572765e-01 1.760583e-01 -8.721087e-02 -9.016472e-02 -7.801677e-02 -1.624269e-01 -3.244411e-01 -2.095084e-01 5.085051e-02 3.240394e-01 7.322133e-02 2.196001e-02 -3.069693e-02 1.530338e-01
<VARIANCE> 25
 1.367270e+00 2.418633e+01 5.343428e+00 1.767413e+01 1.696965e+01 1.136757e+01 1.321052e+01 7.993528e+00 1.201539e+01 6.484765e+00 1.426965e+01 9.279634e+00 7.502056e-01 3.022186e+00 1.002687e+00 2.234227e+00 2.844707e+00 1.606700e+00 2.130448e+00 7.287453e-01 1.929203e+00 8.134489e-01 2.318414e+00 1.601205e+00 4.267559e-01
<GCONST> 7.765237e+01
<STATE> 4
<MEAN> 25
 6.826253e+00 -6.202209e+00 1.384250e+00 8.016504e-01 -7.582251e+00 -2.571190e+00 -9.520222e-01 -2.223343e+00 2.994777e+00 5.408478e-01 -5.099548e-01 1.655263e+00 7.533893e-02 -1.004590e-01 8.456367e-02 9.970590e-02 -4.890749e-02 6.164055e-02 8.819754e-02 -2.356691e-02 1.536566e-02 -3.171565e-03 -4.411152e-02 3.098410e-02 1.040151e-01
<VARIANCE> 25
 7.846395e+01 9.904626e+01 3.576362e+01 3.057969e+01 6.640481e+01 3.892023e+01 2.096311e+01 3.070599e+01 3.839128e+01 3.160045e+01 2.178043e+01 2.058011e+01 2.764203e+00 5.990179e+00 1.887509e+00 2.242279e+00 3.972862e+00 2.869513e+00 2.033026e+00 2.488904e+00 3.038870e+00 2.729264e+00 2.215385e+00 1.962340e+00 3.421648e+00
<GCONST> 1.025531e+02
<TRANSP> 5
 0.000000e+00 1.000000e+00 0.000000e+00 0.000000e+00 0.000000e+00
 0.000000e+00 9.862345e-01 1.376554e-02 0.000000e+00 0.000000e+00
 0.000000e+00 0.000000e+00 8.172186e-01 1.827814e-01 0.000000e+00
 0.000000e+00 0.000000e+00 0.000000e+00 9.831594e-01 1.684059e-02
 0.000000e+00 0.000000e+00 0.000000e+00 0.000000e+00 0.000000e+00
<ENDHMM>
~h "aath"
<BEGINHMM>
<NUMSTATES> 5
<STATE> 2
<MEAN> 25
 3.709923e+00 -2.264367e-01 -2.810243e+00 -4.931720e+00 -6.663006e+00 -3.194106e+00 1.063929e+00 4.030309e+00 5.262590e+00 1.301724e+00 -2.623234e+00 -1.751445e+00 2.641384e+00 -1.043285e+00 -7.610464e-01 -8.338268e-01 -1.894959e+00 -8.210562e-01 1.717453e-02 9.116580e-01 1.532953e+00 -2.410481e-01 -1.179363e+00 -2.269663e-01 2.576500e+00
<VARIANCE> 25
 6.418169e+01 2.154396e+01 1.488889e+01 1.422365e+01 4.877282e+01 3.990628e+01 1.832456e+01 4.096761e+01 3.067452e+01 1.343232e+01 2.659848e+01 1.295665e+01 3.793075e+00 2.030766e+00 1.519750e+00 2.012828e+00 3.520929e+00 4.693342e+00 2.007821e+00 5.150511e+00 2.778076e+00 1.147395e+00 2.035933e+00 2.076056e+00 3.420186e+00
<GCONST> 9.672362e+01
<STATE> 3
<MEAN> 25
 1.764715e+01 -9.044457e+00 -4.375876e+00 -4.816585e+00 -1.448995e+01 -9.265058e+00 -1.619750e+00 4.965786e+00 1.151690e+01 4.434717e-01 -5.319578e+00 3.498038e-01 7.153162e-01 -4.759735e-01 -2.338096e-01 1.140378e-01 2.898541e-01 -1.574064e-01 -2.619453e-01 -4.533114e-01 -2.741757e-01 -1.544919e-01 3.435759e-01 4.646752e-01 1.209016e+00
<VARIANCE> 25
 3.331718e+01 2.707431e+01 3.697559e+01 1.311089e+01 6.385109e+01 3.561474e+01 1.599839e+01 6.487204e+01 3.350304e+01 2.231325e+01 2.889098e+01 1.501273e+01 3.954903e+00 3.206903e+00 1.654603e+00 1.901143e+00 4.380902e+00 3.838950e+00 1.812724e+00 3.486637e+00 4.063996e+00 1.608217e+00 1.790409e+00 1.512822e+00 3.336897e+00
<GCONST> 9.873001e+01
<STATE> 4
<MEAN> 25
 9.442410e+00 -1.900634e+00 8.199229e-01 1.831277e+00 -1.669267e+00 9.889407e-01 3.616648e-01 -3.323374e+00 -3.516151e-01 -7.016781e-02 2.793276e+00 4.312193e+00 -4.685564e-01 3.547457e-01 3.943891e-01 2.864380e-01 1.913387e-01 2.889858e-01 1.228505e-01 -5.536586e-02 -1.003101e-01 1.051845e-01 -3.939894e-02 -1.488324e-01 -7.213833e-01
<VARIANCE> 25
 3.252211e+01 5.507046e+01 3.222920e+01 4.428880e+01 3.745465e+01 3.463361e+01 2.360507e+01 3.742857e+01 3.484579e+01 2.508129e+01 1.950066e+01 2.216101e+01 1.869876e+00 7.165693e+00 1.402669e+00 2.793543e+00 4.033324e+00 4.546512e+00 3.568456e+00 5.541588e+00 5.271955e+00 3.532357e+00 2.237537e+00 2.405671e+00 2.735112e+00
<GCONST> 1.029627e+02
<TRANSP> 5
 0.000000e+00 1.000000e+00 0.000000e+00 0.000000e+00 0.000000e+00
 0.000000e+00 7.368932e-01 2.631068e-01 0.000000e+00 0.000000e+00
 0.000000e+00 0.000000e+00 9.295750e-01 7.042500e-02 0.000000e+00
 0.000000e+00 0.000000e+00 0.000000e+00 9.671516e-01 3.284843e-02
 0.000000e+00 0.000000e+00 0.000000e+00 0.000000e+00 0.000000e+00
<ENDHMM>
