   1 "l2_i-l2_u+l3_i"    0    0.000000   0.000000   0.000000
   2 "l2_i-l2_u+l3_u"    0    0.000000   0.000000   0.000000
   3    "l1_u+l1_i"    0    0.000000   0.000000   0.000000
   4 "l1_u-l1_i+l2_i"    0    0.000000   0.000000   0.000000
   5 "l1_u-l1_i+l2_u"    0    0.000000   0.000000   0.000000
   6 "l3_i-l3_u+l4_i"    0    0.000000   0.000000   0.000000
   7 "l3_i-l3_u+l4_u"    2    6.775146   6.775237  10.748936
   8 "l4_u-l4_i+l5_i"    0    0.000000   0.000000   0.000000
   9 "l4_u-l4_i+l5_u"    2    9.235043   9.235099  17.646530
  10 "l1_u-l2_i+l2_u"    5   80.972061 182.503174 163.485275
  11 "l3_i-l4_u+l4_i"    0    0.000000   0.000000   0.000000
  12 "l4_u-l5_i+l5_u"    0    0.000000   0.000000   0.000000
  13 "l1_i-l2_u+l2_i"    0    0.000000   0.000000   0.000000
  14 "l2_u-l3_i+l3_u"    0    0.000000   0.000000   0.000000
  15 "l4_i-l5_u+l5_i"    2    6.572625   6.572581  11.875395
  16 "l2_u-l3_u+l3_i"    0    0.000000   0.000000   0.000000
  17 "l1_i-l2_i+l2_u"    0    0.000000   0.000000   0.000000
  18          "sil"   50  5029.703613 4165.510254 7198.254395
  19 "l4_i-l5_i+l5_u"    0    0.000000   0.000000   0.000000
  20 "l2_i-l3_i+l3_u"    1    3.928116   3.927928   6.172678
  21 "l1_i-l1_u+l2_i"    3   59.070263  56.827461 291.712921
  22 "l1_i-l1_u+l2_u"    0    0.000000   0.000000   0.000000
  23 "l2_u-l2_i+l3_i"    0    0.000000   0.000000   0.000000
  24 "l2_u-l2_i+l3_u"    0    0.000000   0.000000   0.000000
  25 "l4_i-l4_u+l5_i"    0    0.000000   0.000000   0.000000
  26 "l4_i-l4_u+l5_u"    1   26.727083  18.159210  54.871914
  27 "l3_u-l3_i+l4_i"    0    0.000000   0.000000   0.000000
  28 "l3_u-l3_i+l4_u"    2    3.712811   3.713323   5.360915
  29 "l2_i-l3_u+l3_i"    0    0.000000   0.000000   0.000000
  30 "l3_u-l4_i+l4_u"    0    0.000000   0.000000   0.000000
  31    "l5_i-l5_u"    0    0.000000   0.000000   0.000000
  32 "l3_u-l4_u+l4_i"    2  108.945129 156.316116 165.982208
  33    "l5_u-l5_i"    3   33.740891 186.967667 322.990112
  34    "l1_i+l1_u"    2   80.100189 108.317352 138.773636
  35 "l1_u-l2_u+l2_i"    0    0.000000   0.000000   0.000000
  36 "l4_u-l5_u+l5_i"    0    0.000000   0.000000   0.000000
  37 "l3_i-l4_i+l4_u"    0    0.000000   0.000000   0.000000
