   1 "l2_i-l2_u+l3_i"    0    0.000000   0.000000   0.000000
   2 "l2_i-l2_u+l3_u"    0    0.000000   0.000000   0.000000
   3    "l1_u+l1_i"    3   59.070263  56.827461 291.712921
   4 "l1_u-l1_i+l2_i"    0    0.000000   0.000000   0.000000
   5 "l1_u-l1_i+l2_u"    2   80.100189 108.317352 138.773636
   6 "l3_i-l3_u+l4_i"    0    0.000000   0.000000   0.000000
   7 "l3_i-l3_u+l4_u"    0    0.000000   0.000000   0.000000
   8 "l4_u-l4_i+l5_i"    0    0.000000   0.000000   0.000000
   9 "l4_u-l4_i+l5_u"    2    9.235043   9.235099  17.646530
  10 "l1_u-l2_i+l2_u"    0    0.000000   0.000000   0.000000
  11 "l3_i-l4_u+l4_i"    3  135.492661 175.710495 219.306427
  12 "l4_u-l5_i+l5_u"    0    0.000000   0.000000   0.000000
  13 "l1_i-l2_u+l2_i"    0    0.000000   0.000000   0.000000
  14 "l2_u-l3_i+l3_u"    0    0.000000   0.000000   0.000000
  15 "l4_i-l5_u+l5_i"    2    6.572625   6.572581  11.875395
  16    "l5_i+l5_u"    3   33.740891 186.967667 322.990112
  17 "l2_u-l3_u+l3_i"    0    0.000000   0.000000   0.000000
  18 "l1_i-l2_i+l2_u"    0    0.000000   0.000000   0.000000
  19          "sil"   50  5016.699707 4169.990723 7194.077148
  20 "l4_i-l5_i+l5_u"    0    0.000000   0.000000   0.000000
  21    "l5_u+l5_i"    0    0.000000   0.000000   0.000000
  22 "l2_i-l3_i+l3_u"    0    0.000000   0.000000   0.000000
  23 "l1_i-l1_u+l2_i"    0    0.000000   0.000000   0.000000
  24 "l1_i-l1_u+l2_u"    0    0.000000   0.000000   0.000000
  25 "l2_u-l2_i+l3_i"    0    0.000000   0.000000   0.000000
  26 "l2_u-l2_i+l3_u"    5   80.972061 182.503174 163.485275
  27 "l4_i-l4_u+l5_i"    0    0.000000   0.000000   0.000000
  28 "l4_i-l4_u+l5_u"    0    0.000000   0.000000   0.000000
  29 "l3_u-l3_i+l4_i"    0    0.000000   0.000000   0.000000
  30 "l3_u-l3_i+l4_u"    3   11.395743   8.138545  20.655617
  31 "l2_i-l3_u+l3_i"    2    6.775146   6.775237  10.748936
  32 "l3_u-l4_i+l4_u"    0    0.000000   0.000000   0.000000
  33 "l3_u-l4_u+l4_i"    0    0.000000   0.000000   0.000000
  34    "l1_i+l1_u"    0    0.000000   0.000000   0.000000
  35 "l1_u-l2_u+l2_i"    0    0.000000   0.000000   0.000000
  36 "l4_u-l5_u+l5_i"    0    0.000000   0.000000   0.000000
  37 "l3_i-l4_i+l4_u"    0    0.000000   0.000000   0.000000
