~o
<STREAMINFO> 1 14
<VECSIZE> 14<NULLD><USER><DIAGC>
~s "silst"
<MEAN> 14
 -1.223261e+03 1.904545e+02 -2.905591e+02 4.134753e+02 -1.928768e+02 2.853305e+02 3.825864e+02 4.415160e+01 -4.852636e+02 9.166191e+01 3.418990e+00 4.997968e+01 -2.790824e+00 4.168494e+00
<VARIANCE> 14
 3.539217e+08 3.610058e+08 3.593019e+08 3.563574e+08 3.582326e+08 3.487260e+08 3.523398e+08 3.489252e+08 3.683831e+08 3.563304e+08 1.710557e+01 5.106618e+01 6.500128e+00 1.530570e+01
<GCONST> 2.340159e+02
~h "l1_i"
<BEGINHMM>
<NUMSTATES> 5
<STATE> 2
<MEAN> 14
 -1.677975e+03 -3.854709e+02 2.333887e+02 -2.276328e+02 -3.411879e+02 -1.187622e+03 3.197966e+01 6.277058e+01 9.216027e+02 -3.834910e+02 1.304358e+01 4.765344e+01 -1.603508e+00 1.688208e+00
<VARIANCE> 14
 3.515612e+08 3.503932e+08 3.509528e+08 3.696267e+08 3.514114e+08 3.673489e+08 3.383150e+08 3.583437e+08 3.620393e+08 3.576450e+08 1.380059e+02 3.101606e+01 1.064033e+00 2.232080e+00
<GCONST> 2.318518e+02
<STATE> 3
<MEAN> 14
 -2.831549e+03 -5.966979e+02 -8.659866e+02 -3.224187e+02 -3.934597e+02 4.380089e+02 -4.843415e+02 -1.213270e+02 -1.254465e+03 1.851493e+03 7.442505e+00 4.596415e+01 -1.334805e+00 1.282352e+00
<VARIANCE> 14
 2.885760e+08 3.706296e+08 3.528363e+08 3.694695e+08 3.347379e+08 3.353170e+08 3.365990e+08 3.435754e+08 4.096518e+08 3.525119e+08 3.453757e+01 2.522048e+01 2.383673e-01 2.555907e-01
<GCONST> 2.263823e+02
<STATE> 4
<MEAN> 14
 -1.021922e+03 -1.170004e+03 4.616104e+02 4.765168e+02 1.840194e+02 -1.397842e+02 -1.022067e+03 4.940053e+02 -1.084832e+02 -6.325858e+02 2.163626e+00 4.842489e+01 -1.253612e+00 1.679051e+00
<VARIANCE> 14
 3.380267e+08 3.503245e+08 3.549833e+08 3.488496e+08 3.449444e+08 3.459155e+08 3.633752e+08 3.416748e+08 3.770951e+08 3.492818e+08 2.450284e+00 2.298055e+01 3.040854e-01 1.078881e+00
<GCONST> 2.254177e+02
<TRANSP> 5
 0.000000e+00 1.000000e+00 0.000000e+00 0.000000e+00 0.000000e+00
 0.000000e+00 9.395398e-01 6.046014e-02 0.000000e+00 0.000000e+00
 0.000000e+00 0.000000e+00 7.755060e-01 2.244940e-01 0.000000e+00
 0.000000e+00 0.000000e+00 0.000000e+00 9.418654e-01 5.813460e-02
 0.000000e+00 0.000000e+00 0.000000e+00 0.000000e+00 0.000000e+00
<ENDHMM>
~h "l1_u"
<BEGINHMM>
<NUMSTATES> 5
<STATE> 2
<MEAN> 14
 -5.231151e+03 1.016192e+03 1.459589e+03 8.831338e+02 -5.375067e+01 2.564943e+02 -1.022542e+03 -1.250539e+03 3.491002e+02 1.036615e+03 1.475975e+01 4.583500e+01 -1.536899e+00 1.774612e+00
<VARIANCE> 14
 3.124043e+08 3.443426e+08 3.598557e+08 3.818922e+08 3.749930e+08 3.347822e+08 3.409648e+08 3.663240e+08 3.700388e+08 3.588041e+08 2.025955e+02 3.401085e+01 6.025749e-01 1.946340e+00
<GCONST> 2.315715e+02
<STATE> 3
<MEAN> 14
 -1.094985e+03 7.840003e+02 -8.851010e+02 -7.984203e+02 4.046956e+02 6.946745e+02 -1.535404e+03 -2.356952e+03 1.365783e+03 -2.076712e+03 9.103717e+00 4.544487e+01 -1.201713e+00 1.245259e+00
<VARIANCE> 14
 3.015136e+08 3.712548e+08 3.319897e+08 3.325207e+08 3.448005e+08 3.645806e+08 3.411406e+08 3.594659e+08 3.448850e+08 3.366755e+08 5.179383e+01 2.844279e+01 1.187718e-01 2.488866e-01
<GCONST> 2.260177e+02
<STATE> 4
<MEAN> 14
 1.269751e+03 -2.771540e+02 1.050063e+03 -2.250800e+03 -1.122825e+03 -1.489907e+03 1.876235e+03 1.419658e+03 1.501466e+02 -2.841015e+02 9.096082e+00 4.836448e+01 -1.631909e+00 1.614290e+00
<VARIANCE> 14
 3.505284e+08 3.153336e+08 3.717269e+08 3.214446e+08 3.631580e+08 3.554696e+08 3.659752e+08 3.668006e+08 3.456094e+08 3.327134e+08 7.073608e+01 1.717436e+01 1.217835e+00 1.175959e+00
<GCONST> 2.298792e+02
<TRANSP> 5
 0.000000e+00 1.000000e+00 0.000000e+00 0.000000e+00 0.000000e+00
 0.000000e+00 8.405982e-01 1.594019e-01 0.000000e+00 0.000000e+00
 0.000000e+00 0.000000e+00 9.037210e-01 9.627896e-02 0.000000e+00
 0.000000e+00 0.000000e+00 0.000000e+00 8.874351e-01 1.125650e-01
 0.000000e+00 0.000000e+00 0.000000e+00 0.000000e+00 0.000000e+00
<ENDHMM>
~h "l2_i"
<BEGINHMM>
<NUMSTATES> 5
<STATE> 2
<MEAN> 14
 -5.383965e+03 7.285113e+02 6.040283e+02 1.278724e+03 -1.061771e+03 -1.124123e+03 -1.144609e+03 3.385102e+02 1.046542e+03 3.547307e+02 1.382835e+01 4.836496e+01 -1.532049e+00 1.656007e+00
<VARIANCE> 14
 2.820252e+08 3.606556e+08 3.345889e+08 3.308610e+08 3.640732e+08 3.646777e+08 3.679485e+08 3.736666e+08 3.670778e+08 3.604678e+08 1.933366e+02 4.371197e+01 7.663820e-01 1.584637e+00
<GCONST> 2.316869e+02
<STATE> 3
<MEAN> 14
 -2.570426e+03 1.613078e+02 -6.310944e+02 2.090797e+01 -1.260312e+03 2.344474e+02 5.611935e+00 8.586938e+01 -5.526953e+02 6.622402e+01 4.474624e+00 4.752303e+01 -1.396634e+00 1.305553e+00
<VARIANCE> 14
 3.277564e+08 3.490348e+08 3.713090e+08 3.481328e+08 3.563295e+08 3.441457e+08 3.402897e+08 3.386220e+08 3.168599e+08 3.583950e+08 1.299787e+01 2.789544e+01 3.919348e-01 2.240316e-01
<GCONST> 2.257748e+02
<STATE> 4
<MEAN> 14
 -4.809072e+02 -2.305793e+02 -8.250458e+01 -4.000564e+02 -3.386996e+02 1.415665e+03 -1.535190e+03 -1.381925e+03 1.154867e+03 1.103825e+03 1.061020e+01 4.923363e+01 -1.653598e+00 1.944784e+00
<VARIANCE> 14
 3.305136e+08 3.729117e+08 3.442278e+08 3.465852e+08 3.555242e+08 3.299571e+08 3.403855e+08 3.376372e+08 3.612834e+08 3.314985e+08 1.296214e+02 2.933890e+01 1.068945e+00 4.173894e+00
<GCONST> 2.320538e+02
<TRANSP> 5
 0.000000e+00 1.000000e+00 0.000000e+00 0.000000e+00 0.000000e+00
 0.000000e+00 9.089311e-01 9.106885e-02 0.000000e+00 0.000000e+00
 0.000000e+00 0.000000e+00 9.168726e-01 8.312748e-02 0.000000e+00
 0.000000e+00 0.000000e+00 0.000000e+00 9.036002e-01 9.639981e-02
 0.000000e+00 0.000000e+00 0.000000e+00 0.000000e+00 0.000000e+00
<ENDHMM>
~h "l2_u"
<BEGINHMM>
<NUMSTATES> 5
<STATE> 2
<MEAN> 14
 -4.292458e+03 2.486150e+03 -2.162036e+03 3.368741e+03 1.499508e+03 -7.349880e+02 6.278574e+02 9.250039e+02 -2.081884e+03 1.313041e+03 5.500262e+00 4.693661e+01 -1.166649e+00 4.568040e+00
<VARIANCE> 14
 3.180138e+08 3.592264e+08 3.512749e+08 3.342164e+08 3.401869e+08 3.213268e+08 3.105261e+08 3.839874e+08 3.733919e+08 3.390134e+08 3.878651e+01 3.524323e+01 1.173780e-01 1.439984e+01
<GCONST> 2.299895e+02
<STATE> 3
<MEAN> 14
 -1.224227e+03 -1.446713e+03 -1.952169e+03 -1.341643e+03 -1.058537e+03 -1.662008e+03 1.384799e+02 5.992258e+02 -2.370543e+02 3.748320e+01 2.310053e+00 4.827073e+01 -1.250657e+00 1.844563e+00
<VARIANCE> 14
 3.166316e+08 3.474562e+08 3.190484e+08 3.629844e+08 3.712010e+08 3.622594e+08 3.845474e+08 3.606266e+08 3.853233e+08 3.505017e+08 3.389410e+00 2.387023e+01 2.436989e-01 1.726577e+00
<GCONST> 2.261436e+02
<STATE> 4
<MEAN> 14
 -1.555714e+03 -8.897789e+02 2.206347e+02 2.348300e+02 -4.688034e+02 -4.640580e+02 -1.755264e+02 -6.517282e+02 -2.859347e+02 5.843660e+02 1.270366e+01 4.819684e+01 -1.526183e+00 1.641408e+00
<VARIANCE> 14
 3.488059e+08 3.674350e+08 3.519565e+08 3.568121e+08 3.839594e+08 3.596444e+08 3.412375e+08 3.551972e+08 3.559366e+08 3.504405e+08 1.749035e+02 3.092394e+01 7.081729e-01 1.807012e+00
<GCONST> 2.315044e+02
<TRANSP> 5
 0.000000e+00 1.000000e+00 0.000000e+00 0.000000e+00 0.000000e+00
 0.000000e+00 2.708740e-01 7.291260e-01 0.000000e+00 0.000000e+00
 0.000000e+00 0.000000e+00 8.839394e-01 1.160606e-01 0.000000e+00
 0.000000e+00 0.000000e+00 0.000000e+00 9.652914e-01 3.470855e-02
 0.000000e+00 0.000000e+00 0.000000e+00 0.000000e+00 0.000000e+00
<ENDHMM>
~h "l3_i"
<BEGINHMM>
<NUMSTATES> 5
<STATE> 2
<MEAN> 14
 -8.242809e+02 -4.922965e+02 -1.693574e+03 6.343917e+02 -1.248469e+03 -1.120138e+03 7.051002e+02 -1.236843e+03 -7.935037e+02 -1.129866e+03 1.394013e+01 4.693887e+01 -1.551079e+00 1.807448e+00
<VARIANCE> 14
 3.417466e+08 3.618094e+08 3.360410e+08 3.679521e+08 3.556286e+08 3.571468e+08 3.687304e+08 3.771563e+08 3.707749e+08 3.482995e+08 1.719484e+02 4.034444e+01 1.038868e+00 2.874984e+00
<GCONST> 2.326380e+02
<STATE> 3
<MEAN> 14
 -2.962180e+03 1.368612e+03 -1.209237e+03 -6.019792e+02 -3.529860e+02 5.336884e+02 -4.943543e+02 1.020913e+03 -2.275728e+02 -1.366252e+02 8.006370e+00 4.637950e+01 -1.288066e+00 1.202856e+00
<VARIANCE> 14
 3.431603e+08 3.536660e+08 3.476345e+08 3.493207e+08 3.534590e+08 3.645976e+08 3.515169e+08 3.402426e+08 3.544834e+08 3.423171e+08 3.442781e+01 2.554608e+01 1.908601e-01 1.699113e-01
<GCONST> 2.258146e+02
<STATE> 4
<MEAN> 14
 -2.931699e+03 7.643870e+02 3.829080e+01 -1.055472e+03 5.880554e+02 7.911053e+01 -5.883568e+02 1.667885e+03 -6.629318e+02 -3.088915e+02 2.492413e+00 4.812505e+01 -1.367299e+00 1.650578e+00
<VARIANCE> 14
 3.386276e+08 3.892513e+08 3.309592e+08 3.539177e+08 3.722232e+08 3.572073e+08 3.827122e+08 3.725965e+08 3.736705e+08 3.479193e+08 4.069881e+00 2.586361e+01 4.074517e-01 7.863653e-01
<GCONST> 2.263048e+02
<TRANSP> 5
 0.000000e+00 1.000000e+00 0.000000e+00 0.000000e+00 0.000000e+00
 0.000000e+00 9.072707e-01 9.272924e-02 0.000000e+00 0.000000e+00
 0.000000e+00 0.000000e+00 9.012827e-01 9.871724e-02 0.000000e+00
 0.000000e+00 0.000000e+00 0.000000e+00 8.899584e-01 1.100415e-01
 0.000000e+00 0.000000e+00 0.000000e+00 0.000000e+00 0.000000e+00
<ENDHMM>
~h "l3_u"
<BEGINHMM>
<NUMSTATES> 5
<STATE> 2
<MEAN> 14
 -2.128907e+03 9.069427e+02 1.388930e+03 -1.510122e+02 7.247733e+01 5.129989e+02 4.045837e+01 6.774062e+02 7.399531e+02 2.953077e+02 1.174600e+01 4.829991e+01 -1.492999e+00 1.647035e+00
<VARIANCE> 14
 3.517589e+08 3.477332e+08 3.599222e+08 3.764185e+08 3.519163e+08 3.514959e+08 3.476095e+08 3.464669e+08 3.672830e+08 3.522456e+08 1.450659e+02 2.998458e+01 6.871738e-01 1.474403e+00
<GCONST> 2.310023e+02
<STATE> 3
<MEAN> 14
 -1.834945e+03 2.014016e+03 2.456312e+03 2.813208e+03 -4.463882e+03 6.228544e+02 -5.921387e+02 -1.472980e+02 4.219608e+03 -3.775734e+02 5.690128e+00 4.807193e+01 -1.273776e+00 4.428426e+00
<VARIANCE> 14
 3.349816e+08 3.973385e+08 2.934938e+08 3.675411e+08 3.555063e+08 3.608906e+08 3.688320e+08 3.614309e+08 3.224906e+08 3.113655e+08 1.920026e+01 2.274080e+01 2.035556e-01 2.745078e+01
<GCONST> 2.301522e+02
<STATE> 4
<MEAN> 14
 -1.994239e+03 1.840685e+03 8.204294e+02 -1.163053e+03 3.905808e+02 -2.631317e+01 -5.877686e+01 -2.746739e+01 -1.580689e+03 2.043245e+01 2.744434e+00 4.857158e+01 -1.246672e+00 1.530430e+00
<VARIANCE> 14
 3.316310e+08 3.647331e+08 3.592060e+08 3.619828e+08 3.612667e+08 3.365754e+08 3.412488e+08 3.671497e+08 3.429524e+08 3.671882e+08 4.424708e+00 2.595908e+01 2.438069e-01 4.794029e-01
<GCONST> 2.251515e+02
<TRANSP> 5
 0.000000e+00 1.000000e+00 0.000000e+00 0.000000e+00 0.000000e+00
 0.000000e+00 9.419982e-01 5.800178e-02 0.000000e+00 0.000000e+00
 0.000000e+00 0.000000e+00 2.775539e-01 7.224461e-01 0.000000e+00
 0.000000e+00 0.000000e+00 0.000000e+00 9.236391e-01 7.636089e-02
 0.000000e+00 0.000000e+00 0.000000e+00 0.000000e+00 0.000000e+00
<ENDHMM>
~h "l4_i"
<BEGINHMM>
<NUMSTATES> 5
<STATE> 2
<MEAN> 14
 -4.010474e+03 7.525124e+02 3.024135e+03 -2.397003e+02 5.591696e+02 3.071124e+03 2.829549e+02 1.453140e+03 -5.011626e+02 1.956257e+02 1.212129e+01 4.769427e+01 -2.544341e+00 2.790512e+00
<VARIANCE> 14
 2.874727e+08 3.934697e+08 3.784633e+08 3.622052e+08 3.099421e+08 3.888140e+08 3.444604e+08 2.975941e+08 4.056708e+08 3.221985e+08 1.459486e+02 4.074078e+01 8.336138e+00 9.795199e+00
<GCONST> 2.354607e+02
<STATE> 3
<MEAN> 14
 -2.498125e+03 5.560007e+02 -5.618847e+02 -1.560060e+02 2.185430e+02 -2.534122e+02 -2.554565e+01 -9.908934e+02 -1.191567e+02 1.576634e+03 3.238122e+00 4.802955e+01 -1.299657e+00 1.552407e+00
<VARIANCE> 14
 3.269990e+08 3.629750e+08 3.488855e+08 3.345002e+08 3.836673e+08 3.530461e+08 3.434669e+08 3.593120e+08 3.554084e+08 3.656048e+08 9.187222e+00 2.419215e+01 2.861289e-01 3.844093e-01
<GCONST> 2.257480e+02
<STATE> 4
<MEAN> 14
 -2.032449e+03 -6.085445e+02 -8.364587e+02 -1.667982e+02 -5.257726e+02 -1.810571e+02 -9.871735e+02 2.203325e+02 3.852880e+02 2.976476e+02 1.143937e+01 4.931228e+01 -1.602814e+00 1.896125e+00
<VARIANCE> 14
 3.647036e+08 3.726894e+08 3.561757e+08 3.658143e+08 3.492212e+08 3.672708e+08 3.691993e+08 3.420787e+08 3.736701e+08 3.424353e+08 1.871051e+02 2.646611e+01 9.889393e-01 3.216494e+00
<GCONST> 2.324151e+02
<TRANSP> 5
 0.000000e+00 1.000000e+00 0.000000e+00 0.000000e+00 0.000000e+00
 0.000000e+00 6.591228e-01 3.408773e-01 0.000000e+00 0.000000e+00
 0.000000e+00 0.000000e+00 9.180788e-01 8.192126e-02 0.000000e+00
 0.000000e+00 0.000000e+00 0.000000e+00 9.377702e-01 6.222982e-02
 0.000000e+00 0.000000e+00 0.000000e+00 0.000000e+00 0.000000e+00
<ENDHMM>
~h "l4_u"
<BEGINHMM>
<NUMSTATES> 5
<STATE> 2
<MEAN> 14
 -2.740811e+03 8.228977e+02 3.396956e+02 2.543703e+02 1.472617e+03 -4.528954e+02 -3.691245e+02 -3.048248e+02 3.296355e+02 -1.013073e+03 1.520254e+01 4.717839e+01 -1.489734e+00 1.921210e+00
<VARIANCE> 14
 3.435801e+08 3.701812e+08 3.467752e+08 3.760854e+08 3.729501e+08 3.193198e+08 3.538347e+08 3.560505e+08 3.326159e+08 3.752224e+08 2.048561e+02 4.627104e+01 6.979200e-01 4.159200e+00
<GCONST> 2.328058e+02
<STATE> 3
<MEAN> 14
 -1.868193e+03 1.015819e+03 9.194592e+02 -4.349252e+01 8.522229e+02 8.532604e+02 -3.133496e+02 8.198610e+02 -1.316109e+03 1.050534e+03 6.810304e+00 4.475842e+01 -1.207878e+00 1.329981e+00
<VARIANCE> 14
 3.025801e+08 3.591241e+08 3.963503e+08 3.725380e+08 3.526397e+08 3.741479e+08 3.528662e+08 3.412148e+08 3.140375e+08 3.424604e+08 2.751023e+01 2.278227e+01 1.913924e-01 2.966378e-01
<GCONST> 2.260303e+02
<STATE> 4
<MEAN> 14
 -1.255307e+03 1.294543e+02 -9.077229e+02 -1.125909e+03 -9.636982e+02 -1.047394e+03 -3.950122e+02 1.035083e+03 -7.914233e+01 4.665322e+02 2.061692e+00 4.775353e+01 -1.296759e+00 1.973209e+00
<VARIANCE> 14
 3.213545e+08 3.652444e+08 3.748443e+08 3.421334e+08 3.260591e+08 3.744789e+08 3.786602e+08 3.587691e+08 3.541982e+08 3.478231e+08 2.822341e+00 2.197125e+01 3.904595e-01 2.039154e+00
<GCONST> 2.264731e+02
<TRANSP> 5
 0.000000e+00 1.000000e+00 0.000000e+00 0.000000e+00 0.000000e+00
 0.000000e+00 8.737280e-01 1.262720e-01 0.000000e+00 0.000000e+00
 0.000000e+00 0.000000e+00 8.743423e-01 1.256577e-01 0.000000e+00
 0.000000e+00 0.000000e+00 0.000000e+00 8.746250e-01 1.253750e-01
 0.000000e+00 0.000000e+00 0.000000e+00 0.000000e+00 0.000000e+00
<ENDHMM>
~h "l5_i"
<BEGINHMM>
<NUMSTATES> 5
<STATE> 2
<MEAN> 14
 -6.397673e+02 -6.320556e+02 -9.787432e+02 -2.573820e+02 8.917653e+02 -4.558434e+02 -4.052316e+02 7.651475e+02 1.349673e+02 -3.360953e+01 1.517666e+01 4.732184e+01 -1.543144e+00 1.447517e+00
<VARIANCE> 14
 3.526537e+08 3.553146e+08 3.734446e+08 3.528146e+08 3.683934e+08 3.729844e+08 3.445874e+08 3.430619e+08 3.423089e+08 3.493458e+08 1.920590e+02 3.089123e+01 9.647132e-01 9.767205e-01
<GCONST> 2.312441e+02
<STATE> 3
<MEAN> 14
 -2.356701e+03 -1.175631e+03 1.011971e+03 -1.794229e+03 5.144056e+02 1.641671e+02 1.868351e+02 -1.054745e+03 2.040641e+03 -1.091628e+02 5.515402e+00 4.564495e+01 -1.253854e+00 3.063699e+00
<VARIANCE> 14
 3.240804e+08 3.419354e+08 3.618579e+08 3.890504e+08 3.470837e+08 3.261954e+08 3.917918e+08 3.554533e+08 4.001696e+08 4.120600e+08 1.714383e+01 2.119000e+01 2.062834e-01 8.628684e+00
<GCONST> 2.293220e+02
<STATE> 4
<MEAN> 14
 -9.098481e+02 4.625560e+02 -4.319016e+00 7.411623e+02 -5.265911e+02 -1.352503e+02 4.381565e+02 3.967039e+02 -7.084980e+02 3.220654e+02 2.700317e+00 4.785990e+01 -1.348594e+00 1.558690e+00
<VARIANCE> 14
 3.457811e+08 3.622850e+08 3.393376e+08 3.517849e+08 3.497441e+08 3.595067e+08 3.355215e+08 3.478164e+08 3.554843e+08 3.587221e+08 4.272042e+00 2.589591e+01 3.784733e-01 5.704375e-01
<GCONST> 2.256522e+02
<TRANSP> 5
 0.000000e+00 1.000000e+00 0.000000e+00 0.000000e+00 0.000000e+00
 0.000000e+00 9.245585e-01 7.544149e-02 0.000000e+00 0.000000e+00
 0.000000e+00 0.000000e+00 6.124837e-01 3.875163e-01 0.000000e+00
 0.000000e+00 0.000000e+00 0.000000e+00 9.405614e-01 5.943863e-02
 0.000000e+00 0.000000e+00 0.000000e+00 0.000000e+00 0.000000e+00
<ENDHMM>
~h "l5_u"
<BEGINHMM>
<NUMSTATES> 5
<STATE> 2
<MEAN> 14
 -3.460036e+03 -8.514682e+02 -2.230860e+02 1.383068e+03 4.252513e+02 2.121592e+03 -3.686768e+00 3.464602e+02 8.980344e+02 -7.601261e+02 1.317404e+01 4.780846e+01 -1.386810e+00 2.892266e+00
<VARIANCE> 14
 2.960280e+08 3.434425e+08 3.646700e+08 3.414941e+08 3.491189e+08 3.327018e+08 3.298268e+08 3.692839e+08 3.310481e+08 3.983942e+08 2.165609e+02 4.278776e+01 2.006805e-01 1.055258e+01
<GCONST> 2.321941e+02
<STATE> 3
<MEAN> 14
 -1.091721e+03 -1.904012e+02 1.276533e+03 3.666653e+02 -3.747021e+01 7.124495e+02 6.463867e+02 1.774116e+03 3.525936e+02 -1.899628e+03 1.124932e+01 4.486132e+01 -1.313260e+00 1.396458e+00
<VARIANCE> 14
 3.011008e+08 3.524500e+08 3.455755e+08 3.516709e+08 3.823816e+08 3.443156e+08 3.697961e+08 3.613614e+08 3.693303e+08 3.425253e+08 1.110847e+02 4.586241e+01 1.797963e-01 3.696281e-01
<GCONST> 2.283293e+02
<STATE> 4
<MEAN> 14
 -1.775249e+03 8.981896e+02 1.048351e+03 8.508423e+02 -2.645467e+02 -3.672609e+02 6.058546e+02 -4.181439e+02 -4.776628e+02 -2.610674e+03 1.026382e+01 4.917778e+01 -1.732047e+00 1.922219e+00
<VARIANCE> 14
 3.196614e+08 3.507223e+08 3.711903e+08 3.715467e+08 3.752636e+08 3.871260e+08 3.379139e+08 3.441503e+08 3.550405e+08 3.548864e+08 9.833892e+01 2.752956e+01 1.329493e+00 3.606729e+00
<GCONST> 2.321126e+02
<TRANSP> 5
 0.000000e+00 1.000000e+00 0.000000e+00 0.000000e+00 0.000000e+00
 0.000000e+00 7.280438e-01 2.719563e-01 0.000000e+00 0.000000e+00
 0.000000e+00 0.000000e+00 8.956103e-01 1.043897e-01 0.000000e+00
 0.000000e+00 0.000000e+00 0.000000e+00 8.984865e-01 1.015135e-01
 0.000000e+00 0.000000e+00 0.000000e+00 0.000000e+00 0.000000e+00
<ENDHMM>
~h "sil"
<BEGINHMM>
<NUMSTATES> 5
<STATE> 2
<MEAN> 14
 -1.634083e+03 1.134194e+02 -5.798164e+01 5.451247e+01 -1.483465e+02 4.852309e+01 2.549299e+02 2.846644e+01 8.501004e+01 8.700940e+01 4.503626e-01 5.651427e+01 -1.518090e+00 1.680338e+00
<VARIANCE> 14
 3.362462e+08 3.581900e+08 3.538825e+08 3.540157e+08 3.566379e+08 3.553350e+08 3.549872e+08 3.566308e+08 3.570903e+08 3.560724e+08 4.736862e-01 7.306689e+01 4.531047e-01 5.858381e-01
<GCONST> 2.247921e+02
<STATE> 3
~s "silst"
<STATE> 4
<MEAN> 14
 -1.599116e+03 3.445514e+01 -6.899855e+01 -1.098264e+01 -8.319035e+00 -2.073053e+02 -3.526089e+01 1.437637e+01 -6.996542e+01 6.397379e+01 6.273396e+00 4.741240e+01 -1.330616e+00 1.391632e+00
<VARIANCE> 14
 3.412138e+08 3.571868e+08 3.590318e+08 3.581852e+08 3.581783e+08 3.542103e+08 3.525907e+08 3.576223e+08 3.585180e+08 3.578336e+08 3.469732e+01 2.799658e+01 2.800771e-01 4.489588e-01
<GCONST> 2.274236e+02
<TRANSP> 5
 0.000000e+00 1.000000e+00 0.000000e+00 0.000000e+00 0.000000e+00
 0.000000e+00 8.447924e-01 5.979292e-02 9.541472e-02 0.000000e+00
 0.000000e+00 0.000000e+00 4.461212e-01 5.538788e-01 0.000000e+00
 0.000000e+00 1.980061e-01 0.000000e+00 7.702819e-01 3.171202e-02
 0.000000e+00 0.000000e+00 0.000000e+00 0.000000e+00 0.000000e+00
<ENDHMM>
