~o
<STREAMINFO> 1 14
<VECSIZE> 14<NULLD><USER><DIAGC>
~h "proto"
<BEGINHMM>
<NUMSTATES> 5
<STATE> 2
<MEAN> 14
 -1.629720e+03 7.761319e+01 -6.469246e+01 3.547002e+01 -1.126082e+02 -5.711485e+01 9.195697e+01 4.023355e+01 -1.045784e+01 6.371803e+01 3.769345e+00 5.188435e+01 -1.511061e+00 1.716346e+00
<VARIANCE> 14
 3.387043e+08 3.583454e+08 3.557941e+08 3.559726e+08 3.577451e+08 3.549294e+08 3.536922e+08 3.560658e+08 3.585706e+08 3.561918e+08 4.165875e+01 7.022046e+01 8.400903e-01 1.868276e+00
<GCONST> 2.310260e+02
<STATE> 3
<MEAN> 14
 -1.629720e+03 7.761319e+01 -6.469246e+01 3.547002e+01 -1.126082e+02 -5.711485e+01 9.195697e+01 4.023355e+01 -1.045784e+01 6.371803e+01 3.769345e+00 5.188435e+01 -1.511061e+00 1.716346e+00
<VARIANCE> 14
 3.387043e+08 3.583454e+08 3.557941e+08 3.559726e+08 3.577451e+08 3.549294e+08 3.536922e+08 3.560658e+08 3.585706e+08 3.561918e+08 4.165875e+01 7.022046e+01 8.400903e-01 1.868276e+00
<GCONST> 2.310260e+02
<STATE> 4
<MEAN> 14
 -1.629720e+03 7.761319e+01 -6.469246e+01 3.547002e+01 -1.126082e+02 -5.711485e+01 9.195697e+01 4.023355e+01 -1.045784e+01 6.371803e+01 3.769345e+00 5.188435e+01 -1.511061e+00 1.716346e+00
<VARIANCE> 14
 3.387043e+08 3.583454e+08 3.557941e+08 3.559726e+08 3.577451e+08 3.549294e+08 3.536922e+08 3.560658e+08 3.585706e+08 3.561918e+08 4.165875e+01 7.022046e+01 8.400903e-01 1.868276e+00
<GCONST> 2.310260e+02
<TRANSP> 5
 0.000000e+00 1.000000e+00 0.000000e+00 0.000000e+00 0.000000e+00
 0.000000e+00 6.000000e-01 4.000000e-01 0.000000e+00 0.000000e+00
 0.000000e+00 0.000000e+00 6.000000e-01 4.000000e-01 0.000000e+00
 0.000000e+00 0.000000e+00 0.000000e+00 7.000000e-01 3.000000e-01
 0.000000e+00 0.000000e+00 0.000000e+00 0.000000e+00 0.000000e+00
<ENDHMM>
