   1           "ek"    4  236.077545  13.228443 115.925034
   2           "sp"   56  1663.113159
   3         "saat"    8  425.796478  67.318069 203.707214
   4         "saha"    5  302.530029 136.722397 138.130371
   5         "char"    5  282.680389  23.002106 153.040146
   6         "teen"    3  252.114853  65.860352  63.998547
   7          "don"    4  257.059784  44.955425  88.223114
   8          "nau"    7  501.411438  66.825401  85.460014
   9          "sil"  112  846.079590 1663.113159 1132.733032
  10       "shunya"    7  487.552277  41.882111 354.088257
  11         "pach"    5  344.874359  35.838547 112.809395
  12         "aath"    8  403.976227 128.749115 213.178986
