~o
<STREAMINFO> 1 25
<VECSIZE> 25<NULLD><MFCC_D_N_Z_0><DIAGC>
~h "l1_i"
<BEGINHMM>
<NUMSTATES> 5
<STATE> 2
<MEAN> 25
 2.624759e-01 -2.925219e-01 -3.343782e-01 -4.146559e-01 -4.460733e-01 -5.093274e-01 -2.964439e-01 -4.177983e-01 -1.788334e-01 -2.184568e-01 -3.648172e-01 -2.613317e-01 1.462682e-02 5.355155e-03 5.149978e-03 -7.245765e-03 -1.018716e-02 -1.087385e-02 -4.892823e-03 -6.258980e-03 -1.632630e-03 -2.167441e-03 -5.458841e-03 -6.084668e-03 1.593463e-02
<VARIANCE> 25
 5.334832e+01 4.358585e+01 5.942896e+01 4.728868e+01 6.159022e+01 5.797652e+01 4.770596e+01 5.404265e+01 4.575887e+01 3.893716e+01 3.687374e+01 3.165655e+01 2.742684e+00 2.391029e+00 2.605811e+00 2.709020e+00 3.574845e+00 3.565231e+00 3.153862e+00 3.509421e+00 3.033445e+00 2.744812e+00 2.652579e+00 2.353303e+00 1.908404e+00
<GCONST> 1.056040e+02
<STATE> 3
<MEAN> 25
 3.287028e-01 -2.555607e-01 -2.885917e-01 -4.428261e-01 -4.981578e-01 -5.610502e-01 -3.238026e-01 -4.481348e-01 -1.755755e-01 -2.302954e-01 -3.827494e-01 -2.844587e-01 9.065365e-03 5.452397e-03 7.163311e-03 -3.942834e-03 -7.295582e-03 -7.206377e-03 -3.671259e-03 -4.171368e-03 6.355551e-04 -1.515222e-03 -2.301380e-03 -3.034907e-03 8.691880e-03
<VARIANCE> 25
 5.328677e+01 4.351460e+01 5.969236e+01 4.736599e+01 6.178517e+01 5.803043e+01 4.772534e+01 5.418081e+01 4.590887e+01 3.922755e+01 3.672651e+01 3.166726e+01 2.760692e+00 2.390756e+00 2.618934e+00 2.712987e+00 3.594361e+00 3.578192e+00 3.158379e+00 3.523013e+00 3.042751e+00 2.754153e+00 2.658421e+00 2.354563e+00 1.901689e+00
<GCONST> 1.056543e+02
<STATE> 4
<MEAN> 25
 2.664472e-01 1.809975e-01 1.904011e-01 -3.959180e-02 -2.207490e-01 -1.376192e-01 -1.390569e-01 -1.564797e-01 -4.675066e-02 -5.675775e-02 -1.194667e-01 -1.099942e-01 6.342489e-05 3.082384e-03 3.151228e-03 2.529854e-03 2.537657e-03 3.426844e-03 1.773345e-03 2.816551e-03 1.110629e-03 1.632451e-03 2.505070e-03 1.342894e-03 -3.903063e-03
<VARIANCE> 25
 5.619985e+01 4.180366e+01 6.057245e+01 4.392123e+01 6.085352e+01 5.639314e+01 4.879085e+01 5.262149e+01 4.508625e+01 3.763577e+01 3.448074e+01 3.030498e+01 2.816011e+00 2.244868e+00 2.637312e+00 2.559057e+00 3.475900e+00 3.492497e+00 3.168566e+00 3.482195e+00 3.026186e+00 2.680305e+00 2.542747e+00 2.287114e+00 1.943118e+00
<GCONST> 1.051436e+02
<TRANSP> 5
 0.000000e+00 1.000000e+00 0.000000e+00 0.000000e+00 0.000000e+00
 0.000000e+00 8.531773e-01 1.468227e-01 0.000000e+00 0.000000e+00
 0.000000e+00 0.000000e+00 8.531779e-01 1.468222e-01 0.000000e+00
 0.000000e+00 0.000000e+00 0.000000e+00 9.951329e-01 4.867125e-03
 0.000000e+00 0.000000e+00 0.000000e+00 0.000000e+00 0.000000e+00
<ENDHMM>
~h "l1_u"
<BEGINHMM>
<NUMSTATES> 5
<STATE> 2
<MEAN> 25
 2.608861e-02 -4.614962e-02 -3.267756e-01 -3.055718e-01 -3.719992e-01 -6.924468e-01 -1.287422e-02 -2.148302e-01 -5.287883e-01 -2.528051e-01 -1.616631e-01 3.391183e-02 1.508283e-02 6.701611e-03 -9.195460e-03 -1.402042e-02 -9.332841e-03 -4.508371e-03 -7.635950e-03 -1.290563e-02 -1.139421e-02 3.780826e-03 -1.093808e-02 -1.694795e-02 2.576702e-02
<VARIANCE> 25
 5.509713e+01 4.082908e+01 5.792675e+01 4.767559e+01 6.017697e+01 5.801231e+01 5.120047e+01 5.137364e+01 4.295740e+01 3.661050e+01 3.812603e+01 3.663599e+01 2.728541e+00 2.312999e+00 2.816774e+00 2.662917e+00 3.393021e+00 3.682992e+00 3.323312e+00 3.507169e+00 3.017140e+00 2.728479e+00 2.809719e+00 2.475005e+00 1.713568e+00
<GCONST> 1.056488e+02
<STATE> 3
<MEAN> 25
 9.438798e-02 -1.128215e-02 -3.666831e-01 -3.744235e-01 -4.168134e-01 -6.972814e-01 -6.424633e-02 -2.943375e-01 -5.753120e-01 -2.261637e-01 -2.404539e-01 -5.807373e-02 8.863089e-03 5.838392e-03 -4.957516e-03 -1.060961e-02 -6.326127e-03 6.546821e-04 -8.368737e-03 -1.287866e-02 -6.213461e-03 4.157495e-03 -1.099169e-02 -1.343042e-02 1.862128e-02
<VARIANCE> 25
 5.568064e+01 4.091798e+01 5.854420e+01 4.790540e+01 6.045103e+01 5.857068e+01 5.203801e+01 5.187341e+01 4.324661e+01 3.701810e+01 3.858950e+01 3.666064e+01 2.768052e+00 2.333126e+00 2.840288e+00 2.661046e+00 3.438358e+00 3.724064e+00 3.376267e+00 3.543240e+00 3.042887e+00 2.753222e+00 2.841593e+00 2.498090e+00 1.703491e+00
<GCONST> 1.058608e+02
<STATE> 4
<MEAN> 25
 3.814386e-01 -6.111315e-02 -1.924974e-01 -2.487643e-01 -4.607304e-01 -2.585560e-01 -2.020431e-01 -2.508145e-01 -1.390025e-01 5.715007e-02 -3.871934e-01 -1.878539e-01 2.434319e-03 1.481288e-03 3.422423e-03 2.541768e-03 2.094192e-03 6.945366e-03 -6.752243e-04 1.851607e-03 6.264227e-03 3.479021e-03 8.862038e-04 -2.224314e-03 -4.751919e-03
<VARIANCE> 25
 6.021616e+01 4.204695e+01 6.177448e+01 4.905138e+01 6.189370e+01 5.775974e+01 5.312533e+01 5.002493e+01 4.320604e+01 3.789445e+01 3.691282e+01 3.606689e+01 2.799685e+00 2.204922e+00 2.852212e+00 2.577703e+00 3.328758e+00 3.575190e+00 3.313432e+00 3.393984e+00 3.005750e+00 2.659532e+00 2.640401e+00 2.459163e+00 1.538162e+00
<GCONST> 1.055534e+02
<TRANSP> 5
 0.000000e+00 1.000000e+00 0.000000e+00 0.000000e+00 0.000000e+00
 0.000000e+00 8.507016e-01 1.492984e-01 0.000000e+00 0.000000e+00
 0.000000e+00 0.000000e+00 8.507018e-01 1.492982e-01 0.000000e+00
 0.000000e+00 0.000000e+00 0.000000e+00 9.927400e-01 7.260012e-03
 0.000000e+00 0.000000e+00 0.000000e+00 0.000000e+00 0.000000e+00
<ENDHMM>
~h "l2_i"
<BEGINHMM>
<NUMSTATES> 5
<STATE> 2
<MEAN> 25
 2.089142e-01 -3.998426e-01 -2.593452e-01 -3.257992e-01 -2.467913e-01 -3.539671e-01 -3.401870e-01 -4.718618e-01 -2.284361e-01 -2.729679e-01 -2.128422e-01 -2.724191e-01 1.900202e-02 3.662845e-03 -8.375313e-04 -9.654153e-03 -5.508914e-03 -8.539215e-03 -8.247159e-03 -1.126359e-02 1.235416e-03 1.832565e-03 -4.285535e-03 -1.354432e-02 2.113175e-02
<VARIANCE> 25
 6.362393e+01 4.299154e+01 5.882077e+01 4.767969e+01 6.358230e+01 6.138367e+01 4.945661e+01 5.618040e+01 4.658130e+01 3.796742e+01 3.609294e+01 3.382204e+01 3.043242e+00 2.319077e+00 2.758095e+00 2.711005e+00 3.675737e+00 3.736016e+00 3.401971e+00 3.613431e+00 3.301341e+00 2.784024e+00 2.683243e+00 2.414762e+00 2.070239e+00
<GCONST> 1.064934e+02
<STATE> 3
<MEAN> 25
 3.212942e-01 -3.667659e-01 -2.581762e-01 -3.689490e-01 -2.701844e-01 -4.045456e-01 -3.831283e-01 -5.217007e-01 -2.242718e-01 -2.469696e-01 -2.450552e-01 -3.527898e-01 1.627940e-02 5.177638e-03 5.105952e-04 -5.998630e-03 -3.135190e-03 -7.430115e-03 -5.740540e-03 -6.952721e-03 5.299933e-04 4.202618e-03 -4.726425e-03 -1.159319e-02 1.221481e-02
<VARIANCE> 25
 6.345450e+01 4.297462e+01 5.910993e+01 4.802144e+01 6.379444e+01 6.149782e+01 4.954405e+01 5.654069e+01 4.684966e+01 3.801826e+01 3.617087e+01 3.351430e+01 3.032202e+00 2.317994e+00 2.745025e+00 2.725454e+00 3.689461e+00 3.745167e+00 3.386931e+00 3.629162e+00 3.302096e+00 2.799396e+00 2.690244e+00 2.410367e+00 2.040012e+00
<GCONST> 1.065103e+02
<STATE> 4
<MEAN> 25
 2.557010e-01 4.169137e-02 2.307243e-02 -4.575890e-02 -6.550131e-02 -1.705226e-01 -1.988836e-01 -2.289983e-01 -5.304077e-02 1.730337e-02 -3.677822e-02 -1.968108e-01 4.534361e-06 4.177676e-03 2.242953e-03 1.645228e-03 1.528031e-03 2.215630e-03 2.186317e-03 2.836378e-03 2.191525e-03 1.968218e-03 1.429504e-03 1.720896e-03 -4.014129e-03
<VARIANCE> 25
 6.620378e+01 4.207697e+01 5.747791e+01 4.903542e+01 5.971716e+01 6.249288e+01 4.851765e+01 5.329568e+01 4.514151e+01 3.772922e+01 3.541255e+01 3.223592e+01 3.067663e+00 2.267751e+00 2.639884e+00 2.644013e+00 3.441021e+00 3.572106e+00 3.232600e+00 3.363521e+00 3.128877e+00 2.700355e+00 2.559423e+00 2.319957e+00 2.019454e+00
<GCONST> 1.057821e+02
<TRANSP> 5
 0.000000e+00 1.000000e+00 0.000000e+00 0.000000e+00 0.000000e+00
 0.000000e+00 8.522770e-01 1.477230e-01 0.000000e+00 0.000000e+00
 0.000000e+00 0.000000e+00 8.522767e-01 1.477233e-01 0.000000e+00
 0.000000e+00 0.000000e+00 0.000000e+00 9.949409e-01 5.059031e-03
 0.000000e+00 0.000000e+00 0.000000e+00 0.000000e+00 0.000000e+00
<ENDHMM>
~h "l2_u"
<BEGINHMM>
<NUMSTATES> 5
<STATE> 2
<MEAN> 25
 1.157976e-01 -3.240537e-02 -3.843877e-01 -4.774466e-01 -4.543286e-01 -4.912100e-01 -1.275091e-01 -5.109038e-01 -2.985693e-01 -3.297951e-01 -3.460352e-01 -3.301522e-01 2.251359e-02 1.142310e-02 -3.676425e-03 -9.589815e-03 -2.278870e-02 -1.734781e-02 -1.382485e-02 -2.963056e-03 9.400521e-04 1.759883e-04 -1.232860e-02 -1.257206e-02 2.641884e-02
<VARIANCE> 25
 5.431308e+01 4.351806e+01 5.942615e+01 4.745585e+01 5.981070e+01 5.652186e+01 4.920045e+01 4.786146e+01 4.509274e+01 3.963456e+01 3.721403e+01 2.993001e+01 2.855310e+00 2.350551e+00 2.686032e+00 2.731306e+00 3.358666e+00 3.770362e+00 3.258128e+00 3.425287e+00 3.157503e+00 2.837890e+00 2.699670e+00 2.175986e+00 1.667357e+00
<GCONST> 1.053758e+02
<STATE> 3
<MEAN> 25
 2.384635e-01 2.262751e-02 -3.948041e-01 -5.221034e-01 -5.820158e-01 -5.755160e-01 -2.200834e-01 -5.223177e-01 -2.905398e-01 -3.178803e-01 -4.107850e-01 -3.965071e-01 1.786581e-02 6.505320e-03 -1.350397e-03 -7.157925e-03 -2.046121e-02 -1.281720e-02 -1.463844e-02 -5.380755e-04 2.150075e-03 2.237782e-03 -1.017338e-02 -9.690564e-03 1.620833e-02
<VARIANCE> 25
 5.398874e+01 4.357600e+01 6.000196e+01 4.768946e+01 5.993247e+01 5.702024e+01 4.949131e+01 4.821125e+01 4.552357e+01 3.965086e+01 3.738354e+01 2.984957e+01 2.866207e+00 2.363974e+00 2.711400e+00 2.760392e+00 3.373950e+00 3.805540e+00 3.284090e+00 3.459438e+00 3.175822e+00 2.843320e+00 2.717239e+00 2.184416e+00 1.656896e+00
<GCONST> 1.054944e+02
<STATE> 4
<MEAN> 25
 3.663044e-01 1.886828e-01 8.345766e-02 -2.654678e-01 -4.088171e-01 -2.099670e-01 -2.077234e-01 -2.479627e-01 -1.472902e-01 -3.290284e-02 -1.634301e-01 -2.846248e-01 1.453716e-03 1.145548e-03 3.298823e-03 3.330436e-03 2.152267e-03 3.946044e-03 5.803076e-04 4.517530e-03 2.864932e-03 3.015540e-03 2.420032e-03 2.007591e-03 -4.127379e-03
<VARIANCE> 25
 5.836821e+01 4.377001e+01 6.409948e+01 5.075081e+01 5.757105e+01 6.089317e+01 5.210061e+01 4.656884e+01 4.463309e+01 3.676517e+01 3.648317e+01 2.896012e+01 3.019275e+00 2.514575e+00 2.828137e+00 2.842463e+00 3.276797e+00 3.818632e+00 3.394151e+00 3.398144e+00 3.094261e+00 2.774119e+00 2.616053e+00 2.196876e+00 1.640947e+00
<GCONST> 1.056794e+02
<TRANSP> 5
 0.000000e+00 1.000000e+00 0.000000e+00 0.000000e+00 0.000000e+00
 0.000000e+00 8.516176e-01 1.483823e-01 0.000000e+00 0.000000e+00
 0.000000e+00 0.000000e+00 8.516175e-01 1.483826e-01 0.000000e+00
 0.000000e+00 0.000000e+00 0.000000e+00 9.944025e-01 5.597583e-03
 0.000000e+00 0.000000e+00 0.000000e+00 0.000000e+00 0.000000e+00
<ENDHMM>
~h "l3_i"
<BEGINHMM>
<NUMSTATES> 5
<STATE> 2
<MEAN> 25
 -4.506827e-02 -2.741752e-01 -3.221467e-01 -2.688563e-01 -1.008507e-01 -3.087620e-01 -2.893755e-01 -3.085756e-01 -2.091305e-01 -2.172656e-01 -2.293305e-01 -1.397554e-01 1.641847e-02 8.567417e-03 -2.449723e-03 -1.289187e-02 -6.946441e-03 -7.196594e-03 -8.201953e-03 -7.268819e-03 -2.723621e-03 3.004967e-03 -4.266769e-03 -6.734640e-03 2.118127e-02
<VARIANCE> 25
 5.554343e+01 4.134550e+01 5.326655e+01 4.789614e+01 5.915855e+01 5.660684e+01 5.094906e+01 4.951152e+01 4.143241e+01 3.651773e+01 3.579581e+01 3.322025e+01 2.868304e+00 2.318270e+00 2.616858e+00 2.852749e+00 3.412024e+00 3.635539e+00 3.341043e+00 3.368523e+00 2.937297e+00 2.686599e+00 2.528534e+00 2.236613e+00 1.970794e+00
<GCONST> 1.052031e+02
<STATE> 3
<MEAN> 25
 5.199965e-02 -2.279139e-01 -3.408473e-01 -3.383394e-01 -1.328252e-01 -3.442850e-01 -3.407766e-01 -3.413658e-01 -2.179037e-01 -1.976165e-01 -2.485921e-01 -1.743709e-01 1.387706e-02 6.748111e-03 -2.528284e-03 -9.837965e-03 -4.404249e-03 -4.709039e-03 -7.356578e-03 -4.596149e-03 -1.031241e-03 3.057021e-03 -2.538985e-03 -4.850178e-03 1.537207e-02
<VARIANCE> 25
 5.575147e+01 4.159252e+01 5.371751e+01 4.835353e+01 5.952854e+01 5.699934e+01 5.105579e+01 4.991973e+01 4.153306e+01 3.677444e+01 3.588334e+01 3.346679e+01 2.888246e+00 2.336681e+00 2.637621e+00 2.890886e+00 3.447989e+00 3.660181e+00 3.356363e+00 3.384475e+00 2.952778e+00 2.708141e+00 2.542704e+00 2.248409e+00 1.963886e+00
<GCONST> 1.053566e+02
<STATE> 4
<MEAN> 25
 2.172509e-01 8.940104e-02 -2.629509e-02 -1.354113e-01 -1.366918e-01 -3.053547e-01 -8.703818e-02 -4.040301e-02 -6.558973e-02 -1.436110e-02 -2.082861e-01 -1.714592e-01 2.484829e-03 3.474672e-03 2.910900e-03 1.296240e-03 -3.992620e-04 2.099696e-03 1.791580e-03 1.514293e-03 1.686185e-03 1.917954e-03 1.314517e-03 3.681987e-04 -2.208386e-03
<VARIANCE> 25
 5.502197e+01 4.020385e+01 5.323756e+01 4.534395e+01 5.805437e+01 5.528870e+01 4.898840e+01 4.665088e+01 4.140281e+01 3.612378e+01 3.551408e+01 3.310021e+01 2.720230e+00 2.140039e+00 2.478710e+00 2.580958e+00 3.223912e+00 3.483521e+00 3.109612e+00 3.195947e+00 2.871193e+00 2.648659e+00 2.461424e+00 2.189327e+00 1.729885e+00
<GCONST> 1.042193e+02
<TRANSP> 5
 0.000000e+00 1.000000e+00 0.000000e+00 0.000000e+00 0.000000e+00
 0.000000e+00 8.528991e-01 1.471009e-01 0.000000e+00 0.000000e+00
 0.000000e+00 0.000000e+00 8.528983e-01 1.471017e-01 0.000000e+00
 0.000000e+00 0.000000e+00 0.000000e+00 9.950268e-01 4.973091e-03
 0.000000e+00 0.000000e+00 0.000000e+00 0.000000e+00 0.000000e+00
<ENDHMM>
~h "l3_u"
<BEGINHMM>
<NUMSTATES> 5
<STATE> 2
<MEAN> 25
 2.254298e-01 -1.694491e-01 -4.978388e-02 -4.685028e-01 -2.706125e-01 -1.988906e-01 -1.344428e-01 -6.138248e-01 -5.046549e-01 -1.767697e-01 -1.415757e-01 -6.377643e-02 3.191712e-02 8.808511e-03 -7.072051e-03 -1.416689e-02 -1.592312e-02 -7.013268e-03 -1.675863e-02 -1.672081e-02 3.028307e-04 -7.497845e-03 -1.013127e-02 -8.153908e-03 2.904582e-02
<VARIANCE> 25
 5.643246e+01 4.377969e+01 5.870432e+01 4.877564e+01 5.887877e+01 5.563992e+01 4.985153e+01 5.336776e+01 4.849990e+01 4.063666e+01 3.386433e+01 3.527480e+01 2.766697e+00 2.397632e+00 2.735184e+00 2.869781e+00 3.696345e+00 3.661317e+00 3.436245e+00 3.663473e+00 3.302769e+00 2.859115e+00 2.647374e+00 2.384423e+00 1.947013e+00
<GCONST> 1.062159e+02
<STATE> 3
<MEAN> 25
 4.053435e-01 -1.173386e-01 -1.005186e-01 -5.286251e-01 -3.506490e-01 -2.198105e-01 -2.374333e-01 -6.934152e-01 -4.835511e-01 -2.268724e-01 -1.917831e-01 -1.018964e-01 2.602793e-02 7.658880e-03 -7.641373e-03 -8.027153e-03 -1.162326e-02 -2.916415e-03 -1.492210e-02 -1.074723e-02 4.068322e-03 -7.034326e-03 -7.326981e-03 -5.235297e-03 1.858395e-02
<VARIANCE> 25
 5.595958e+01 4.358401e+01 5.936610e+01 4.935359e+01 5.908233e+01 5.615745e+01 5.017945e+01 5.339497e+01 4.883308e+01 4.110065e+01 3.414102e+01 3.534505e+01 2.776505e+00 2.401084e+00 2.753111e+00 2.898173e+00 3.723956e+00 3.690767e+00 3.482804e+00 3.698380e+00 3.315952e+00 2.896490e+00 2.678791e+00 2.394958e+00 1.926894e+00
<GCONST> 1.063567e+02
<STATE> 4
<MEAN> 25
 5.000259e-01 6.008976e-02 -1.627143e-01 -3.056051e-01 -2.100747e-01 -1.654443e-01 -3.039792e-01 -3.223920e-01 -1.209116e-01 -2.078205e-01 -1.278427e-01 -3.293442e-01 1.127816e-03 2.528994e-03 9.151012e-05 3.359083e-03 1.148518e-03 1.235746e-03 -1.992065e-04 4.712369e-03 5.314163e-03 1.390898e-03 5.120235e-04 -9.952532e-04 -3.843800e-03
<VARIANCE> 25
 5.533587e+01 4.420868e+01 6.248901e+01 4.951779e+01 6.113782e+01 5.562880e+01 5.018929e+01 5.265751e+01 4.531392e+01 4.133382e+01 3.535934e+01 3.242353e+01 2.763610e+00 2.443812e+00 2.689059e+00 2.897394e+00 3.617919e+00 3.659988e+00 3.259652e+00 3.638480e+00 3.196845e+00 2.989774e+00 2.672248e+00 2.207723e+00 1.789825e+00
<GCONST> 1.060118e+02
<TRANSP> 5
 0.000000e+00 1.000000e+00 0.000000e+00 0.000000e+00 0.000000e+00
 0.000000e+00 8.513625e-01 1.486375e-01 0.000000e+00 0.000000e+00
 0.000000e+00 0.000000e+00 8.513623e-01 1.486376e-01 0.000000e+00
 0.000000e+00 0.000000e+00 0.000000e+00 9.934971e-01 6.502910e-03
 0.000000e+00 0.000000e+00 0.000000e+00 0.000000e+00 0.000000e+00
<ENDHMM>
~h "l4_i"
<BEGINHMM>
<NUMSTATES> 5
<STATE> 2
<MEAN> 25
 2.413201e-01 -5.858440e-02 -3.428019e-01 -1.717746e-01 -7.109575e-02 -2.826143e-01 -3.843675e-01 -9.219433e-02 -1.512362e-02 -3.032844e-01 -1.757721e-01 -1.185209e-01 1.393850e-02 3.110868e-04 -2.351721e-03 -9.223523e-03 -1.127888e-02 -1.099255e-02 -8.662600e-03 -3.399394e-03 1.487205e-03 -1.610466e-03 -2.362131e-03 -6.218710e-03 2.621736e-02
<VARIANCE> 25
 5.830087e+01 4.272361e+01 5.450612e+01 4.649569e+01 6.155584e+01 5.803931e+01 4.863083e+01 5.257090e+01 4.418467e+01 3.719381e+01 3.762575e+01 3.139458e+01 2.688029e+00 2.362263e+00 2.580898e+00 2.517737e+00 3.464283e+00 3.362671e+00 3.237608e+00 3.445121e+00 2.889679e+00 2.690534e+00 2.551561e+00 2.218736e+00 1.670434e+00
<GCONST> 1.049959e+02
<STATE> 3
<MEAN> 25
 3.141080e-01 -5.333493e-02 -3.498893e-01 -2.189964e-01 -1.328225e-01 -3.335287e-01 -4.256067e-01 -1.108432e-01 -1.042212e-02 -3.018658e-01 -1.827983e-01 -1.524887e-01 9.961219e-03 9.987385e-04 -5.281636e-04 -6.764697e-03 -8.447557e-03 -6.608542e-03 -5.493199e-03 -3.021828e-03 4.905664e-04 5.725856e-04 -6.437038e-04 -4.825499e-03 2.085808e-02
<VARIANCE> 25
 5.881369e+01 4.268909e+01 5.525319e+01 4.698380e+01 6.179677e+01 5.826965e+01 4.899520e+01 5.268502e+01 4.437836e+01 3.738824e+01 3.778169e+01 3.146216e+01 2.724409e+00 2.367055e+00 2.615848e+00 2.542461e+00 3.483593e+00 3.382166e+00 3.249408e+00 3.451662e+00 2.900370e+00 2.702938e+00 2.569525e+00 2.227128e+00 1.674032e+00
<GCONST> 1.051380e+02
<STATE> 4
<MEAN> 25
 3.075383e-01 1.370009e-01 3.144726e-02 -2.560407e-01 -3.544906e-01 -2.453211e-01 -5.931486e-02 -1.481461e-01 -1.482084e-01 1.173322e-02 -1.188736e-01 -2.040208e-01 -5.255184e-04 6.750532e-04 2.364605e-03 3.955099e-04 -7.700009e-04 1.079681e-03 2.175573e-03 2.956947e-04 2.246544e-04 1.992188e-03 8.175561e-04 3.355952e-04 -8.747431e-04
<VARIANCE> 25
 6.184489e+01 4.320690e+01 5.883774e+01 4.803577e+01 6.193677e+01 5.999746e+01 4.910229e+01 5.108946e+01 4.371508e+01 3.704408e+01 3.649889e+01 3.098442e+01 2.885513e+00 2.300829e+00 2.645401e+00 2.551898e+00 3.479328e+00 3.524649e+00 3.113055e+00 3.333603e+00 2.969698e+00 2.643910e+00 2.520748e+00 2.230544e+00 1.775259e+00
<GCONST> 1.052631e+02
<TRANSP> 5
 0.000000e+00 1.000000e+00 0.000000e+00 0.000000e+00 0.000000e+00
 0.000000e+00 8.533810e-01 1.466190e-01 0.000000e+00 0.000000e+00
 0.000000e+00 0.000000e+00 8.533814e-01 1.466186e-01 0.000000e+00
 0.000000e+00 0.000000e+00 0.000000e+00 9.958723e-01 4.127684e-03
 0.000000e+00 0.000000e+00 0.000000e+00 0.000000e+00 0.000000e+00
<ENDHMM>
~h "l4_u"
<BEGINHMM>
<NUMSTATES> 5
<STATE> 2
<MEAN> 25
 2.559362e-01 1.499687e-02 -1.908086e-01 -2.087304e-01 -5.906469e-01 -5.895314e-01 -5.316221e-01 -2.786190e-01 -2.380682e-01 -1.869403e-01 -1.179560e-01 -5.438770e-02 2.206569e-02 1.246321e-02 -7.250051e-03 -2.180612e-02 -1.230437e-02 5.343902e-03 -1.355388e-02 -1.406909e-02 2.308131e-02 -1.199462e-02 -1.474673e-02 -1.282933e-02 3.568799e-02
<VARIANCE> 25
 5.159105e+01 4.321037e+01 5.499594e+01 5.543811e+01 6.058115e+01 6.306915e+01 4.895292e+01 5.662854e+01 4.407670e+01 3.852140e+01 3.673606e+01 3.471085e+01 2.925505e+00 2.537248e+00 2.767535e+00 3.210429e+00 3.789252e+00 4.086588e+00 3.516871e+00 4.022409e+00 3.312915e+00 2.912630e+00 2.834752e+00 2.416696e+00 2.348812e+00
<GCONST> 1.070658e+02
<STATE> 3
<MEAN> 25
 3.640411e-01 6.762431e-02 -2.147446e-01 -3.353460e-01 -6.321464e-01 -5.007679e-01 -5.850803e-01 -3.532531e-01 -1.262098e-01 -2.446305e-01 -1.877911e-01 -1.130129e-01 1.830223e-02 5.938799e-03 -5.621857e-03 -2.005979e-02 -5.842249e-03 1.764440e-02 -9.176341e-03 -1.133576e-02 2.015387e-02 -1.022833e-02 -9.762317e-03 -7.205210e-03 1.972811e-02
<VARIANCE> 25
 5.201754e+01 4.305959e+01 5.533136e+01 5.657384e+01 6.042357e+01 6.324334e+01 4.923950e+01 5.691336e+01 4.395594e+01 3.893499e+01 3.683056e+01 3.483796e+01 2.951552e+00 2.524670e+00 2.769930e+00 3.232545e+00 3.802711e+00 4.085407e+00 3.530349e+00 4.029795e+00 3.337634e+00 2.941782e+00 2.837091e+00 2.420311e+00 2.277356e+00
<GCONST> 1.071314e+02
<STATE> 4
<MEAN> 25
 3.252998e-01 -7.402257e-02 7.448027e-02 8.107590e-03 -4.192316e-02 -1.540424e-01 -2.173850e-01 -1.512685e-01 -1.405290e-02 -1.563159e-01 -1.068065e-01 -7.162129e-02 8.470654e-04 5.497601e-04 2.191478e-03 1.435655e-03 4.175058e-03 5.434660e-03 4.147865e-03 1.119073e-03 4.189376e-03 9.814207e-04 1.825053e-04 -6.211059e-04 -5.386343e-03
<VARIANCE> 25
 5.298554e+01 4.150495e+01 5.827930e+01 4.749760e+01 6.516938e+01 5.777575e+01 4.890028e+01 5.369323e+01 4.094363e+01 3.931653e+01 3.587531e+01 3.441209e+01 2.812135e+00 2.276736e+00 2.708202e+00 2.797739e+00 3.592552e+00 3.704848e+00 3.361240e+00 3.692324e+00 3.066624e+00 2.908461e+00 2.692197e+00 2.295218e+00 2.157981e+00
<GCONST> 1.059450e+02
<TRANSP> 5
 0.000000e+00 1.000000e+00 0.000000e+00 0.000000e+00 0.000000e+00
 0.000000e+00 8.492800e-01 1.507200e-01 0.000000e+00 0.000000e+00
 0.000000e+00 0.000000e+00 8.492804e-01 1.507196e-01 0.000000e+00
 0.000000e+00 0.000000e+00 0.000000e+00 9.933456e-01 6.654374e-03
 0.000000e+00 0.000000e+00 0.000000e+00 0.000000e+00 0.000000e+00
<ENDHMM>
~h "l5_i"
<BEGINHMM>
<NUMSTATES> 5
<STATE> 2
<MEAN> 25
 4.634204e-01 -1.574218e-01 -3.542160e-01 -5.796718e-01 -2.822149e-01 -1.757400e-01 -3.321357e-01 -3.574196e-01 -1.911549e-01 -1.304311e-01 -3.128220e-01 -2.748251e-01 1.670622e-02 3.638793e-03 9.475838e-04 -9.569984e-03 -1.304855e-02 -1.077150e-02 -1.013406e-02 -7.185946e-03 -1.735129e-03 -3.302366e-03 -6.347823e-03 -8.344658e-03 2.279909e-02
<VARIANCE> 25
 5.375990e+01 4.165998e+01 5.554528e+01 5.041581e+01 6.084426e+01 5.740178e+01 4.916828e+01 5.027947e+01 4.479828e+01 3.753912e+01 3.648400e+01 3.009062e+01 2.653986e+00 2.346883e+00 2.439819e+00 2.663395e+00 3.315670e+00 3.539224e+00 3.166224e+00 3.274834e+00 3.052928e+00 2.679200e+00 2.504971e+00 2.279530e+00 1.694310e+00
<GCONST> 1.048716e+02
<STATE> 3
<MEAN> 25
 5.451929e-01 -1.350478e-01 -3.469312e-01 -6.262475e-01 -3.530968e-01 -2.309800e-01 -3.907548e-01 -3.862056e-01 -1.935613e-01 -1.396219e-01 -3.401110e-01 -3.172583e-01 1.141733e-02 3.187609e-03 9.103295e-04 -6.710483e-03 -9.919163e-03 -7.400225e-03 -8.218342e-03 -4.187319e-03 7.458251e-05 -1.040318e-03 -3.704423e-03 -5.998630e-03 1.541385e-02
<VARIANCE> 25
 5.370653e+01 4.193164e+01 5.616358e+01 5.060249e+01 6.110210e+01 5.742581e+01 4.904985e+01 5.039146e+01 4.505856e+01 3.752596e+01 3.646216e+01 3.013254e+01 2.670325e+00 2.357273e+00 2.454284e+00 2.672437e+00 3.334220e+00 3.563312e+00 3.171729e+00 3.281878e+00 3.060140e+00 2.682480e+00 2.508348e+00 2.291358e+00 1.686950e+00
<GCONST> 1.049444e+02
<STATE> 4
<MEAN> 25
 2.607884e-01 1.391428e-02 2.442505e-02 -7.565423e-02 -1.282890e-01 -1.753153e-01 -2.610681e-01 -9.071027e-02 4.138606e-02 -1.235355e-01 -7.500816e-02 -1.221810e-01 -2.046433e-03 1.610012e-03 3.028112e-03 3.880378e-03 1.169825e-03 4.350162e-04 1.730415e-03 1.966020e-03 1.347438e-03 4.986363e-04 1.954517e-03 1.559314e-03 -3.899485e-03
<VARIANCE> 25
 5.197752e+01 4.092716e+01 5.436385e+01 4.501470e+01 5.999232e+01 5.719087e+01 4.681133e+01 5.071743e+01 4.446175e+01 3.660442e+01 3.511581e+01 3.036977e+01 2.569643e+00 2.165535e+00 2.338789e+00 2.464281e+00 3.352243e+00 3.485729e+00 3.092697e+00 3.228004e+00 2.941151e+00 2.652048e+00 2.426800e+00 2.230402e+00 1.556954e+00
<GCONST> 1.041049e+02
<TRANSP> 5
 0.000000e+00 1.000000e+00 0.000000e+00 0.000000e+00 0.000000e+00
 0.000000e+00 8.531985e-01 1.468015e-01 0.000000e+00 0.000000e+00
 0.000000e+00 0.000000e+00 8.531987e-01 1.468013e-01 0.000000e+00
 0.000000e+00 0.000000e+00 0.000000e+00 9.954288e-01 4.571244e-03
 0.000000e+00 0.000000e+00 0.000000e+00 0.000000e+00 0.000000e+00
<ENDHMM>
~h "l5_u"
<BEGINHMM>
<NUMSTATES> 5
<STATE> 2
<MEAN> 25
 7.966802e-03 -1.231561e-01 -1.875210e-01 -1.921738e-01 -1.772016e-02 -5.003209e-02 -1.308185e-01 -6.584129e-02 -2.434723e-01 -4.412238e-02 -2.325537e-01 1.957688e-02 1.585527e-02 -9.572501e-04 6.896409e-03 -5.739714e-03 -7.996025e-03 -1.380663e-02 -4.181868e-03 -6.977686e-03 -3.799293e-03 -2.002985e-03 -9.095388e-03 -8.609464e-03 1.414271e-02
<VARIANCE> 25
 5.562048e+01 4.109278e+01 5.261273e+01 4.941901e+01 5.932074e+01 6.168740e+01 4.798235e+01 4.694698e+01 4.267059e+01 3.290141e+01 3.417962e+01 3.013997e+01 2.836942e+00 2.296604e+00 2.564068e+00 2.734395e+00 3.405120e+00 3.875061e+00 3.377056e+00 3.529411e+00 3.075000e+00 2.671739e+00 2.569959e+00 2.257179e+00 1.940049e+00
<GCONST> 1.050604e+02
<STATE> 3
<MEAN> 25
 9.010816e-02 -1.403532e-01 -1.266426e-01 -2.105821e-01 -4.735218e-02 -1.465251e-01 -1.542384e-01 -1.189404e-01 -2.666923e-01 -6.397296e-02 -2.887613e-01 -2.684763e-02 1.187706e-02 -2.771381e-03 9.345626e-03 -2.510156e-03 -4.365148e-03 -1.467299e-02 -2.688725e-03 -7.959014e-03 -3.167790e-03 -2.597325e-03 -7.823779e-03 -6.719993e-03 8.080821e-03
<VARIANCE> 25
 5.535135e+01 4.096686e+01 5.309929e+01 4.946994e+01 5.970111e+01 6.192349e+01 4.819216e+01 4.708678e+01 4.314417e+01 3.305487e+01 3.424606e+01 3.034682e+01 2.843444e+00 2.297161e+00 2.587046e+00 2.750722e+00 3.422625e+00 3.853915e+00 3.385777e+00 3.530642e+00 3.102966e+00 2.683316e+00 2.602168e+00 2.267260e+00 1.927739e+00
<GCONST> 1.051486e+02
<STATE> 4
<MEAN> 25
 2.642234e-01 1.233731e-01 5.648582e-02 -1.433739e-01 -2.060799e-01 -1.008427e-01 -1.463660e-01 -3.069345e-01 -1.321420e-01 -6.244394e-02 -1.856812e-01 2.545576e-03 2.544773e-03 1.812177e-03 2.168308e-03 9.629481e-04 -1.406329e-03 -7.850811e-04 4.152344e-04 -3.587766e-04 1.881163e-03 2.772262e-04 1.255640e-03 -1.379505e-03 -2.204808e-03
<VARIANCE> 25
 5.736168e+01 4.052506e+01 5.455941e+01 5.140657e+01 5.935952e+01 6.226029e+01 4.691857e+01 4.521159e+01 4.085099e+01 3.465546e+01 3.381001e+01 2.983388e+01 2.729787e+00 2.144250e+00 2.494727e+00 2.672734e+00 3.143323e+00 3.618246e+00 3.164666e+00 3.187894e+00 2.940698e+00 2.561015e+00 2.510345e+00 2.198918e+00 1.812449e+00
<GCONST> 1.044129e+02
<TRANSP> 5
 0.000000e+00 1.000000e+00 0.000000e+00 0.000000e+00 0.000000e+00
 0.000000e+00 8.517592e-01 1.482408e-01 0.000000e+00 0.000000e+00
 0.000000e+00 0.000000e+00 8.517590e-01 1.482411e-01 0.000000e+00
 0.000000e+00 0.000000e+00 0.000000e+00 9.947512e-01 5.248803e-03
 0.000000e+00 0.000000e+00 0.000000e+00 0.000000e+00 0.000000e+00
<ENDHMM>
~h "sil"
<BEGINHMM>
<NUMSTATES> 5
<STATE> 2
<MEAN> 25
 -2.295391e+00 -8.715002e-01 2.478441e-01 1.276502e+00 1.486360e+00 1.340849e+00 9.020559e-01 1.254773e+00 1.668124e-01 3.217513e-01 8.594900e-01 1.212767e+00 2.919145e-02 -1.467911e-03 -1.069776e-03 -1.974719e-02 -2.441524e-02 -3.702865e-03 1.466377e-02 -2.198373e-02 2.273007e-04 -1.215497e-02 -5.237102e-03 1.247989e-02 4.666051e-02
<VARIANCE> 25
 4.766506e+01 3.615011e+01 4.128927e+01 3.637014e+01 4.770290e+01 4.602748e+01 3.845653e+01 4.248468e+01 3.573476e+01 3.036011e+01 2.860844e+01 2.718594e+01 1.883674e+00 1.630645e+00 1.869348e+00 1.974016e+00 2.576275e+00 2.726500e+00 2.504026e+00 2.706401e+00 2.540645e+00 2.239571e+00 2.070526e+00 1.871857e+00 1.330211e+00
<GCONST> 9.912124e+01
<STATE> 3
<MEAN> 25
 -1.968154e+00 -7.117517e-01 2.775285e-01 1.113425e+00 1.199273e+00 1.160109e+00 9.025486e-01 1.021389e+00 1.807312e-01 2.697555e-01 7.702694e-01 1.073988e+00 4.695256e-02 2.594231e-02 4.813274e-03 -2.261626e-02 -4.153388e-02 -2.824148e-02 -5.432325e-04 -3.417667e-02 1.354399e-03 -7.321399e-03 -1.345809e-02 -2.296409e-02 7.476417e-02
<VARIANCE> 25
 4.903582e+01 3.735896e+01 4.306549e+01 3.807450e+01 4.977848e+01 4.768991e+01 4.016581e+01 4.259823e+01 3.671212e+01 3.109402e+01 2.968608e+01 2.742497e+01 2.108585e+00 1.812099e+00 2.041971e+00 2.101133e+00 2.769807e+00 2.928305e+00 2.647319e+00 2.837954e+00 2.629711e+00 2.322625e+00 2.135735e+00 1.918581e+00 1.596949e+00
<GCONST> 1.004165e+02
<STATE> 4
<MEAN> 25
 -8.562558e-03 1.992195e-02 -2.422616e-02 -1.822884e-03 2.187363e-02 2.053010e-02 3.509086e-02 2.111009e-02 3.226694e-02 1.584473e-02 1.897542e-02 7.740733e-03 -4.724680e-04 1.877469e-03 -8.205204e-04 -1.163966e-04 1.822010e-03 -6.452254e-05 -3.080369e-04 2.575792e-04 -8.410895e-05 3.228384e-04 6.892830e-05 -7.829989e-04 -3.118424e-03
<VARIANCE> 25
 5.652187e+01 4.140653e+01 5.652329e+01 4.680590e+01 5.968560e+01 5.734908e+01 4.796405e+01 4.999672e+01 4.250806e+01 3.652610e+01 3.517398e+01 3.093190e+01 2.692937e+00 2.187622e+00 2.499813e+00 2.553401e+00 3.269220e+00 3.476238e+00 3.127131e+00 3.298777e+00 2.939170e+00 2.629380e+00 2.480765e+00 2.198739e+00 1.764066e+00
<GCONST> 1.045463e+02
<TRANSP> 5
 0.000000e+00 1.000000e+00 0.000000e+00 0.000000e+00 0.000000e+00
 0.000000e+00 8.521246e-01 1.478754e-01 0.000000e+00 0.000000e+00
 0.000000e+00 0.000000e+00 8.521244e-01 1.478756e-01 0.000000e+00
 0.000000e+00 0.000000e+00 0.000000e+00 9.947742e-01 5.225842e-03
 0.000000e+00 0.000000e+00 0.000000e+00 0.000000e+00 0.000000e+00
<ENDHMM>
