~o
<STREAMINFO> 1 25
<VECSIZE> 25<NULLD><MFCC_D_N_Z_0><DIAGC>
~s "silst"
<MEAN> 25
 -7.484241e+00 2.360777e+00 -2.169979e-02 1.761756e+00 3.288313e+00 1.606169e+00 4.640766e-01 1.733399e+00 1.260081e+00 6.292413e-01 8.629640e-01 1.434159e+00 3.288783e-01 -2.084987e-01 -3.896240e-02 -2.984671e-01 -2.216168e-01 -2.864633e-01 -2.230796e-01 -1.101285e-01 -3.984697e-02 -1.386151e-01 -1.046766e-01 -1.150088e-01 6.495271e-01
<VARIANCE> 25
 6.355682e+01 4.526429e+01 4.092816e+01 3.005885e+01 3.489477e+01 4.146827e+01 3.518261e+01 2.877678e+01 2.608834e+01 2.508464e+01 2.421565e+01 2.084592e+01 7.943179e+00 3.346709e+00 2.963291e+00 2.928779e+00 4.137285e+00 4.641537e+00 3.485080e+00 3.191341e+00 2.873327e+00 2.611974e+00 2.541200e+00 2.279940e+00 3.402225e+00
<GCONST> 1.037336e+02
~h "l1_i"
<BEGINHMM>
<NUMSTATES> 5
<STATE> 2
<MEAN> 25
 4.478315e+00 -5.998941e-01 -5.835083e+00 -4.751022e+00 3.754286e-01 2.118507e+00 -2.613829e+00 -2.504026e+00 -1.786281e+00 -6.871444e-01 -5.215338e-01 -2.214171e+00 3.957826e-01 -3.757930e-01 -5.585638e-01 -6.533106e-01 1.043976e-02 1.886746e-01 -1.056527e-01 -2.139603e-01 2.025581e-01 -2.958075e-02 -9.776597e-02 -1.769079e-02 5.904815e-01
<VARIANCE> 25
 5.030496e+01 3.839443e+01 5.200238e+01 7.425344e+01 4.636630e+01 6.633002e+01 7.120148e+01 6.691798e+01 3.708639e+01 4.708502e+01 4.860056e+01 3.865551e+01 4.443640e+00 3.711708e+00 4.645084e+00 6.909539e+00 4.797275e+00 6.227606e+00 6.468932e+00 6.931721e+00 4.295634e+00 4.374261e+00 4.042082e+00 4.148129e+00 4.563061e+00
<GCONST> 1.140180e+02
<STATE> 3
<MEAN> 25
 5.760931e+00 -3.452030e+00 -8.153996e+00 -6.137313e+00 3.606972e-01 2.586312e+00 -1.185147e+00 -2.502602e+00 2.219065e+00 -2.835435e+00 -2.236670e+00 -1.260570e+00 -5.744230e-02 8.987676e-02 1.913068e-01 1.804428e-01 -3.476077e-02 -2.053244e-01 1.555803e-02 2.047284e-02 3.509429e-02 3.734905e-02 -3.427920e-02 -1.922793e-02 -1.875662e-01
<VARIANCE> 25
 1.110394e+01 4.058597e+01 4.491389e+01 6.249092e+01 6.593137e+01 1.078089e+02 7.784193e+01 8.301517e+01 5.452423e+01 5.821426e+01 4.711237e+01 3.868292e+01 4.599755e-01 1.725835e+00 1.832526e+00 2.188319e+00 2.633168e+00 2.824690e+00 2.869222e+00 3.219107e+00 2.851016e+00 2.758003e+00 2.541355e+00 2.046906e+00 6.705549e-01
<GCONST> 1.019101e+02
<STATE> 4
<MEAN> 25
 -1.527856e+00 -4.030629e-01 9.671720e-01 -4.878552e-01 1.089430e+00 -8.571742e-01 -1.243228e+00 -1.502923e+00 7.956751e-02 -1.200089e+00 3.979557e-01 -9.860664e-01 -3.685729e-01 4.453673e-02 1.047632e-01 1.322004e-01 1.191636e-01 1.841430e-01 1.001478e-01 1.070990e-01 -2.589837e-02 -1.194209e-03 8.891243e-02 5.875368e-02 -3.109121e-02
<VARIANCE> 25
 9.511478e+01 4.414712e+01 5.937548e+01 5.757286e+01 4.991982e+01 4.108888e+01 6.628505e+01 7.098907e+01 4.689305e+01 3.255099e+01 4.036545e+01 3.413618e+01 6.411308e+00 3.199660e+00 3.761030e+00 3.724404e+00 3.760267e+00 3.776939e+00 4.990832e+00 4.738279e+00 3.913141e+00 3.221507e+00 4.036118e+00 3.172559e+00 2.771332e+00
<GCONST> 1.106489e+02
<TRANSP> 5
 0.000000e+00 1.000000e+00 0.000000e+00 0.000000e+00 0.000000e+00
 0.000000e+00 9.205158e-01 7.948418e-02 0.000000e+00 0.000000e+00
 0.000000e+00 0.000000e+00 9.657360e-01 3.426405e-02 0.000000e+00
 0.000000e+00 0.000000e+00 0.000000e+00 9.544832e-01 4.551677e-02
 0.000000e+00 0.000000e+00 0.000000e+00 0.000000e+00 0.000000e+00
<ENDHMM>
~h "l1_u"
<BEGINHMM>
<NUMSTATES> 5
<STATE> 2
<MEAN> 25
 -1.575718e+00 3.449030e-01 5.183271e+00 1.135281e+00 -2.618356e+00 -2.343420e+00 5.456422e-02 -3.592543e+00 -3.399506e+00 -4.709336e-01 3.502020e+00 -3.549728e-01 3.099394e-01 -2.091408e-01 -5.046401e-01 -3.963333e-01 4.392664e-02 5.397526e-03 2.562226e-02 3.494772e-03 -8.703731e-02 -2.488854e-02 -3.657001e-02 -1.747337e-02 3.283577e-01
<VARIANCE> 25
 7.939248e+01 4.217756e+01 8.230054e+01 5.291412e+01 7.383103e+01 5.712658e+01 4.574907e+01 4.708687e+01 5.245280e+01 4.106187e+01 3.506158e+01 4.589544e+01 6.239460e+00 2.763973e+00 7.727390e+00 4.762163e+00 4.506372e+00 4.927839e+00 5.459066e+00 3.575350e+00 4.974157e+00 4.740903e+00 3.377481e+00 3.956728e+00 3.095732e+00
<GCONST> 1.129308e+02
<STATE> 3
<MEAN> 25
 6.624983e+00 -3.773937e+00 -9.017753e+00 -1.945272e+00 5.704525e+00 -1.462183e+00 -3.747781e+00 3.821263e-01 -1.437616e+00 -1.757520e+00 -9.801201e-01 -2.690528e-01 -5.734263e-02 -5.702921e-02 -7.993949e-02 7.740201e-03 6.237251e-02 8.768069e-02 4.862034e-02 -9.051172e-02 1.129632e-01 1.065941e-01 -9.970329e-03 -4.994941e-02 -9.646425e-02
<VARIANCE> 25
 2.325829e+01 3.450350e+01 5.261248e+01 4.968257e+01 6.839555e+01 7.249738e+01 1.036388e+02 7.126831e+01 6.817217e+01 5.300785e+01 5.548319e+01 6.676131e+01 1.796954e+00 2.512812e+00 3.620712e+00 2.892672e+00 4.008794e+00 4.207179e+00 5.827031e+00 5.612534e+00 4.231100e+00 3.633646e+00 3.503858e+00 3.320213e+00 1.452818e+00
<GCONST> 1.100584e+02
<STATE> 4
<MEAN> 25
 3.929192e+00 -2.893690e-01 -5.394493e+00 -7.254206e+00 -2.365099e-01 4.708674e+00 1.534106e+00 -4.723358e+00 1.625311e+00 8.597906e-01 4.621358e-01 -3.706486e+00 -2.994893e-01 2.189016e-01 1.435915e-01 5.902976e-02 -1.074415e-02 5.509477e-02 -2.500950e-03 6.334155e-02 4.455961e-02 2.042869e-02 3.721422e-02 8.840058e-02 -1.174591e-01
<VARIANCE> 25
 4.854029e+01 3.491542e+01 4.625076e+01 7.054593e+01 3.820057e+01 6.678071e+01 3.716325e+01 3.610519e+01 5.182446e+01 3.055098e+01 2.509793e+01 2.623919e+01 2.064852e+00 1.738361e+00 1.643443e+00 3.219388e+00 2.189349e+00 3.132266e+00 2.042415e+00 2.213139e+00 2.682365e+00 2.258165e+00 1.895661e+00 1.842198e+00 6.387907e-01
<GCONST> 9.935739e+01
<TRANSP> 5
 0.000000e+00 1.000000e+00 0.000000e+00 0.000000e+00 0.000000e+00
 0.000000e+00 9.232410e-01 7.675905e-02 0.000000e+00 0.000000e+00
 0.000000e+00 0.000000e+00 9.506873e-01 4.931264e-02 0.000000e+00
 0.000000e+00 0.000000e+00 0.000000e+00 9.545670e-01 4.543306e-02
 0.000000e+00 0.000000e+00 0.000000e+00 0.000000e+00 0.000000e+00
<ENDHMM>
~h "l2_i"
<BEGINHMM>
<NUMSTATES> 5
<STATE> 2
<MEAN> 25
 -1.781020e+00 -4.169008e-01 -8.241413e-01 -1.718683e+00 2.030872e+00 2.422115e+00 3.331990e-01 -2.986180e+00 -5.647777e-01 -1.141736e+00 1.222425e+00 -1.020886e+00 4.469895e-01 -2.380351e-01 -5.129541e-01 -6.064160e-01 -5.444700e-02 -7.207728e-03 -1.440260e-01 3.280556e-03 2.972798e-01 -1.164429e-01 -6.098241e-02 -1.377128e-01 5.700282e-01
<VARIANCE> 25
 9.613184e+01 4.175173e+01 6.720100e+01 6.002959e+01 4.748042e+01 6.559412e+01 7.013906e+01 5.545889e+01 4.666420e+01 3.653909e+01 3.788897e+01 3.523307e+01 8.905385e+00 3.967232e+00 6.039907e+00 5.630963e+00 3.768497e+00 6.400610e+00 5.504540e+00 5.100890e+00 5.437727e+00 3.685363e+00 3.823057e+00 3.880622e+00 4.245237e+00
<GCONST> 1.142449e+02
<STATE> 3
<MEAN> 25
 7.223294e+00 -2.387501e+00 -6.003767e+00 -4.096853e+00 -4.462632e-01 2.142100e+00 -1.774497e+00 -1.724852e+00 3.917460e+00 -1.794235e+00 -1.333732e+00 -2.011149e+00 -2.852679e-02 1.292977e-02 9.443625e-02 1.955331e-01 4.217097e-02 -3.650402e-02 -3.107681e-02 -4.110062e-02 -2.743500e-02 2.074597e-02 -2.264369e-02 1.181107e-02 -1.313310e-01
<VARIANCE> 25
 9.010996e+00 4.549336e+01 5.108582e+01 5.815270e+01 6.886692e+01 7.931556e+01 6.207456e+01 7.710443e+01 5.631584e+01 4.782859e+01 5.258779e+01 3.824613e+01 4.597756e-01 1.978384e+00 2.284415e+00 2.507910e+00 3.110563e+00 3.337553e+00 3.249305e+00 3.878133e+00 3.467722e+00 3.078463e+00 3.114983e+00 2.421749e+00 1.114278e+00
<GCONST> 1.035653e+02
<STATE> 4
<MEAN> 25
 -2.777592e+00 -1.923133e+00 2.978433e+00 2.682969e-01 2.175867e+00 -5.946691e-02 -1.845112e-01 -2.501082e+00 -3.521494e-01 -1.278884e+00 5.438375e-01 -1.897635e+00 -3.285373e-01 1.243348e-01 8.848806e-02 6.793766e-04 1.212395e-01 6.156304e-02 1.247842e-01 1.743080e-01 -1.440989e-02 2.296136e-02 2.607078e-02 2.163070e-02 -2.045861e-02
<VARIANCE> 25
 1.119336e+02 4.285415e+01 7.492744e+01 8.256461e+01 5.874078e+01 3.935091e+01 6.942233e+01 4.755405e+01 3.785659e+01 3.467539e+01 3.262618e+01 4.236409e+01 7.289738e+00 2.736100e+00 4.090508e+00 3.602339e+00 3.428855e+00 3.063497e+00 4.936388e+00 3.057178e+00 3.152989e+00 2.948154e+00 2.913810e+00 2.900123e+00 1.756288e+00
<GCONST> 1.090878e+02
<TRANSP> 5
 0.000000e+00 1.000000e+00 0.000000e+00 0.000000e+00 0.000000e+00
 0.000000e+00 9.252211e-01 7.477884e-02 0.000000e+00 0.000000e+00
 0.000000e+00 0.000000e+00 9.745146e-01 2.548539e-02 0.000000e+00
 0.000000e+00 0.000000e+00 0.000000e+00 9.538175e-01 4.618248e-02
 0.000000e+00 0.000000e+00 0.000000e+00 0.000000e+00 0.000000e+00
<ENDHMM>
~h "l2_u"
<BEGINHMM>
<NUMSTATES> 5
<STATE> 2
<MEAN> 25
 4.953484e+00 -5.582273e+00 -8.828250e+00 -4.469634e+00 3.461410e+00 6.276163e-01 -2.949988e+00 -1.237209e+00 1.156657e+00 -5.789953e-01 -2.586306e+00 -2.267586e+00 2.419591e-01 -3.159182e-01 -2.959636e-01 -2.027756e-01 -7.826088e-02 -1.066127e-01 1.003114e-01 3.800617e-02 1.138248e-01 6.180030e-02 -2.581061e-01 -2.222819e-01 1.766503e-01
<VARIANCE> 25
 3.126921e+01 5.006414e+01 4.491987e+01 4.874856e+01 6.091569e+01 7.842283e+01 9.032722e+01 5.114216e+01 4.671128e+01 7.234811e+01 5.083646e+01 3.403435e+01 2.469151e+00 3.505643e+00 4.522685e+00 3.711842e+00 4.701495e+00 5.101412e+00 6.089264e+00 5.291547e+00 4.458768e+00 4.731592e+00 5.029212e+00 2.857972e+00 2.323108e+00
<GCONST> 1.116719e+02
<STATE> 3
<MEAN> 25
 4.374714e+00 -3.198733e+00 -3.742287e+00 -4.220735e+00 -3.134023e+00 -7.590379e-01 -2.243803e+00 -1.370657e+00 5.645378e-01 -1.520509e+00 -3.484700e+00 -4.028911e+00 -3.300201e-02 9.843086e-02 1.264081e-01 7.821945e-02 3.433184e-02 1.225990e-02 -2.715310e-02 -6.798375e-02 1.866388e-02 6.945578e-03 3.496835e-02 -2.464314e-02 -1.551742e-01
<VARIANCE> 25
 1.266153e+01 3.716197e+01 5.430043e+01 4.449302e+01 6.944403e+01 6.644267e+01 4.991422e+01 7.380047e+01 6.557030e+01 6.430520e+01 5.271943e+01 3.212558e+01 5.612055e-01 1.560416e+00 2.030454e+00 2.088503e+00 2.594018e+00 3.037172e+00 2.536226e+00 3.885343e+00 3.102027e+00 3.179350e+00 3.092063e+00 2.273054e+00 7.266937e-01
<GCONST> 1.019040e+02
<STATE> 4
<MEAN> 25
 5.018070e-01 9.363807e-01 -3.138842e+00 -3.167235e+00 1.532334e+00 1.899067e+00 1.543157e-01 -1.741394e+00 9.380408e-01 -6.895586e-01 -9.396331e-02 -3.740921e-01 -3.472083e-01 1.587170e-01 4.825851e-02 7.259098e-02 1.373234e-01 1.369341e-01 1.045472e-01 1.534804e-01 -1.173656e-02 1.007265e-02 1.292339e-01 1.648552e-01 -4.217820e-02
<VARIANCE> 25
 9.109277e+01 4.303481e+01 7.344936e+01 1.043124e+02 5.029848e+01 6.390042e+01 1.048025e+02 4.367818e+01 5.467283e+01 3.768686e+01 3.551154e+01 2.793948e+01 5.521072e+00 3.139772e+00 3.829628e+00 5.083326e+00 3.016989e+00 4.269465e+00 5.654041e+00 3.011937e+00 4.166733e+00 3.253138e+00 2.854452e+00 2.506888e+00 1.529079e+00
<GCONST> 1.104111e+02
<TRANSP> 5
 0.000000e+00 1.000000e+00 0.000000e+00 0.000000e+00 0.000000e+00
 0.000000e+00 9.307777e-01 6.922231e-02 0.000000e+00 0.000000e+00
 0.000000e+00 0.000000e+00 9.660863e-01 3.391367e-02 0.000000e+00
 0.000000e+00 0.000000e+00 0.000000e+00 9.558350e-01 4.416493e-02
 0.000000e+00 0.000000e+00 0.000000e+00 0.000000e+00 0.000000e+00
<ENDHMM>
~h "l3_i"
<BEGINHMM>
<NUMSTATES> 5
<STATE> 2
<MEAN> 25
 -2.378205e+00 -9.605888e-02 3.637143e-01 -7.486029e-01 1.561090e+00 -1.114803e+00 -2.436330e+00 -3.065406e+00 4.931043e-02 -2.186209e-01 9.595571e-01 -1.334153e+00 1.842965e-01 -1.743093e-01 -2.370920e-01 -3.957248e-01 -1.988967e-01 -1.057821e-01 8.107234e-03 5.924011e-02 -3.625697e-02 -1.197132e-01 -5.797495e-02 -5.779042e-02 2.608685e-01
<VARIANCE> 25
 1.080616e+02 4.142639e+01 6.594577e+01 5.129483e+01 4.256984e+01 4.557702e+01 8.194386e+01 3.613740e+01 3.133946e+01 3.737982e+01 4.319536e+01 3.603547e+01 8.980900e+00 3.516062e+00 5.466916e+00 5.250785e+00 4.403950e+00 4.323669e+00 5.845445e+00 4.024373e+00 3.484190e+00 3.530229e+00 3.899611e+00 3.173608e+00 2.980467e+00
<GCONST> 1.114917e+02
<STATE> 3
<MEAN> 25
 5.901274e+00 -1.744581e+00 -6.814719e+00 -7.367197e+00 5.570936e-01 2.395675e+00 -8.582704e-01 -2.387136e+00 -3.471807e-01 -1.284279e+00 7.053000e-02 -3.288404e+00 -4.706035e-02 1.709289e-03 5.913226e-02 1.289828e-01 1.327748e-02 -4.849213e-03 4.133823e-02 1.409217e-01 6.841730e-02 3.061126e-02 -1.785889e-02 4.525291e-02 -1.064018e-01
<VARIANCE> 25
 1.678849e+01 5.090646e+01 4.092594e+01 8.273135e+01 6.364800e+01 7.731253e+01 6.336651e+01 6.446341e+01 5.186441e+01 5.247956e+01 4.277064e+01 3.504483e+01 1.173412e+00 2.811912e+00 3.073616e+00 4.383363e+00 4.172206e+00 5.166492e+00 4.420441e+00 4.017865e+00 4.015522e+00 3.493493e+00 3.086506e+00 2.872724e+00 2.316762e+00
<GCONST> 1.082684e+02
<STATE> 4
<MEAN> 25
 1.263601e+00 1.228053e+00 2.650544e+00 -8.471185e-01 -5.055167e+00 -1.959374e+00 1.001885e+00 -3.434036e-01 -6.512214e-01 2.745115e-01 -1.748368e+00 -8.013075e-01 -3.299071e-02 6.127674e-02 6.350444e-02 3.452351e-02 1.449011e-04 1.569877e-02 4.534397e-02 -1.376089e-02 -1.188982e-02 6.794404e-02 3.228149e-03 -5.155949e-02 -1.011723e-01
<VARIANCE> 25
 2.334527e+01 3.195570e+01 3.731815e+01 3.116458e+01 6.998136e+01 3.694018e+01 6.620202e+01 5.475006e+01 3.832421e+01 4.857781e+01 3.400640e+01 5.498248e+01 1.357109e+00 1.526891e+00 1.784465e+00 1.685985e+00 3.655407e+00 2.556700e+00 4.085386e+00 3.407519e+00 2.569034e+00 2.889429e+00 2.695853e+00 2.179763e+00 1.003563e+00
<GCONST> 1.012137e+02
<TRANSP> 5
 0.000000e+00 1.000000e+00 0.000000e+00 0.000000e+00 0.000000e+00
 0.000000e+00 9.340321e-01 6.596784e-02 0.000000e+00 0.000000e+00
 0.000000e+00 0.000000e+00 9.677856e-01 3.221442e-02 0.000000e+00
 0.000000e+00 0.000000e+00 0.000000e+00 9.646341e-01 3.536582e-02
 0.000000e+00 0.000000e+00 0.000000e+00 0.000000e+00 0.000000e+00
<ENDHMM>
~h "l3_u"
<BEGINHMM>
<NUMSTATES> 5
<STATE> 2
<MEAN> 25
 -5.602889e+00 -1.329264e+00 3.846245e+00 5.292896e-01 -4.434503e-01 -8.590850e-01 1.549805e+00 -3.274615e+00 -1.621226e+00 5.882034e-01 2.450492e+00 8.709247e-01 5.213416e-01 -2.251624e-01 -3.634303e-01 -4.656345e-01 -1.232458e-01 8.387055e-02 -1.816015e-02 -2.672770e-01 -1.171573e-01 -3.026206e-01 -4.801175e-02 -2.017193e-01 5.997517e-01
<VARIANCE> 25
 6.284921e+01 5.043611e+01 5.559910e+01 4.532317e+01 4.875074e+01 4.670272e+01 6.736263e+01 3.826782e+01 4.295735e+01 5.202167e+01 3.627804e+01 7.874062e+01 6.503702e+00 3.901199e+00 4.191150e+00 4.325749e+00 5.373832e+00 3.791036e+00 6.337908e+00 3.863623e+00 4.228659e+00 3.708790e+00 3.427613e+00 3.750864e+00 2.957313e+00
<GCONST> 1.118291e+02
<STATE> 3
<MEAN> 25
 5.918849e+00 -1.412462e+00 -4.724661e+00 -4.551200e+00 9.591214e-01 1.748589e+00 -1.978780e+00 -3.042255e+00 -5.188439e-01 -2.183251e+00 -9.015899e-01 -1.930992e+00 6.250050e-03 8.072441e-02 2.618436e-02 9.243558e-02 4.604021e-02 4.672841e-02 6.665458e-04 1.649532e-02 2.046988e-02 1.710353e-02 -2.268371e-02 -1.277615e-03 -1.558962e-01
<VARIANCE> 25
 1.150560e+01 4.250963e+01 5.349074e+01 9.005879e+01 5.962902e+01 8.505154e+01 6.105077e+01 7.407153e+01 6.723528e+01 6.184710e+01 3.957859e+01 4.326448e+01 7.178170e-01 2.173898e+00 2.830839e+00 4.228427e+00 3.268121e+00 4.166035e+00 3.833196e+00 5.041603e+00 3.933829e+00 4.238734e+00 3.142674e+00 2.727033e+00 1.453722e+00
<GCONST> 1.071824e+02
<STATE> 4
<MEAN> 25
 -3.555133e+00 6.045464e-01 -2.905088e+00 -2.276597e+00 2.570386e+00 4.906907e-01 1.893751e+00 -2.914133e+00 1.212036e+00 7.273442e-01 2.657929e-01 -2.492330e+00 -4.844876e-01 -8.567600e-02 6.551904e-02 -1.495746e-02 1.240854e-01 -3.266709e-02 2.163080e-01 2.069256e-01 1.007011e-01 1.222580e-01 1.152735e-01 7.426512e-02 4.997434e-02
<VARIANCE> 25
 8.340975e+01 4.596134e+01 9.188236e+01 4.212680e+01 5.571840e+01 5.571090e+01 5.751922e+01 4.763543e+01 3.230164e+01 3.702078e+01 2.969138e+01 3.084084e+01 6.709970e+00 3.071490e+00 4.049749e+00 3.255386e+00 4.475338e+00 4.011245e+00 3.695534e+00 3.282916e+00 2.709136e+00 2.641604e+00 2.402220e+00 2.415712e+00 2.026338e+00
<GCONST> 1.077431e+02
<TRANSP> 5
 0.000000e+00 1.000000e+00 0.000000e+00 0.000000e+00 0.000000e+00
 0.000000e+00 8.950962e-01 1.049039e-01 0.000000e+00 0.000000e+00
 0.000000e+00 0.000000e+00 9.715692e-01 2.843077e-02 0.000000e+00
 0.000000e+00 0.000000e+00 0.000000e+00 9.321076e-01 6.789246e-02
 0.000000e+00 0.000000e+00 0.000000e+00 0.000000e+00 0.000000e+00
<ENDHMM>
~h "l4_i"
<BEGINHMM>
<NUMSTATES> 5
<STATE> 2
<MEAN> 25
 6.305002e+00 -8.820730e-02 -5.882799e+00 -5.752167e+00 -3.316379e-01 2.449632e+00 -1.603813e+00 -3.221409e+00 -6.434740e-01 -1.069947e+00 -1.953848e+00 -3.286426e+00 3.206948e-01 -5.463228e-01 -5.132670e-01 -5.689864e-01 1.076379e-02 1.049821e-01 -1.232091e-01 2.298250e-01 4.338447e-01 -2.047229e-02 -8.959885e-02 3.497576e-02 4.634607e-01
<VARIANCE> 25
 2.730215e+01 5.125253e+01 6.265336e+01 6.891763e+01 5.005899e+01 7.789443e+01 7.275620e+01 5.607307e+01 5.591961e+01 4.619582e+01 5.039148e+01 3.579934e+01 2.550062e+00 4.772695e+00 4.956801e+00 5.691943e+00 5.678437e+00 5.502316e+00 7.065412e+00 6.230995e+00 5.257919e+00 4.631478e+00 4.747193e+00 4.229412e+00 3.168398e+00
<GCONST> 1.139090e+02
<STATE> 3
<MEAN> 25
 5.787387e+00 -4.144774e+00 -4.195001e+00 -3.975734e+00 -2.427295e+00 7.785344e-02 -2.932653e-02 1.571808e+00 2.738609e+00 -2.567857e+00 -3.551626e+00 -1.726899e+00 -4.801510e-02 1.186601e-01 1.445569e-01 1.609139e-01 -3.628791e-02 -1.644297e-01 4.940008e-02 1.379577e-02 -1.223784e-01 3.641392e-03 -1.124036e-02 1.179124e-02 -1.755260e-01
<VARIANCE> 25
 1.150270e+01 5.004499e+01 4.936244e+01 5.057798e+01 8.737057e+01 8.635685e+01 6.030178e+01 8.599346e+01 5.675786e+01 5.386557e+01 5.218398e+01 3.765599e+01 4.163059e-01 1.957208e+00 1.841974e+00 1.788256e+00 2.938196e+00 2.602969e+00 2.907423e+00 3.573122e+00 2.778291e+00 2.812431e+00 2.528267e+00 2.097644e+00 7.057871e-01
<GCONST> 1.019542e+02
<STATE> 4
<MEAN> 25
 -3.671354e+00 5.683851e-01 9.292480e-01 -2.742531e+00 1.934585e+00 1.162898e+00 9.947167e-01 -5.438523e-01 1.846540e-01 -5.830698e-01 8.341737e-01 -1.572554e+00 -4.742703e-01 1.031040e-01 6.087250e-02 9.870651e-02 2.266892e-01 2.153811e-01 4.435261e-02 3.533015e-02 3.832718e-02 4.350641e-02 1.204483e-01 8.040478e-02 1.767466e-02
<VARIANCE> 25
 9.935968e+01 4.602309e+01 7.704090e+01 6.427305e+01 5.542575e+01 5.679848e+01 7.235618e+01 4.916830e+01 3.550090e+01 4.246983e+01 4.083124e+01 3.421279e+01 7.820845e+00 2.872684e+00 3.915775e+00 3.601628e+00 4.120614e+00 3.924512e+00 4.939194e+00 3.898101e+00 2.935130e+00 3.211336e+00 3.302177e+00 2.716394e+00 1.765119e+00
<GCONST> 1.101790e+02
<TRANSP> 5
 0.000000e+00 1.000000e+00 0.000000e+00 0.000000e+00 0.000000e+00
 0.000000e+00 9.084078e-01 9.159216e-02 0.000000e+00 0.000000e+00
 0.000000e+00 0.000000e+00 9.703148e-01 2.968524e-02 0.000000e+00
 0.000000e+00 0.000000e+00 0.000000e+00 9.478357e-01 5.216434e-02
 0.000000e+00 0.000000e+00 0.000000e+00 0.000000e+00 0.000000e+00
<ENDHMM>
~h "l4_u"
<BEGINHMM>
<NUMSTATES> 5
<STATE> 2
<MEAN> 25
 4.935166e-01 2.933085e-01 5.324384e-01 4.973321e-02 -8.722605e-01 2.079701e-02 -8.934669e-01 -1.750667e+00 -8.764408e-01 3.415650e-01 -9.694747e-02 -1.328090e+00 2.498734e-01 -1.456380e-01 -3.434033e-01 -4.757434e-01 -7.096616e-03 2.017297e-01 -6.260359e-02 3.179905e-03 -5.175762e-03 -4.817968e-02 6.689748e-02 -2.195662e-02 2.439111e-01
<VARIANCE> 25
 4.964307e+01 3.952969e+01 6.150838e+01 5.438692e+01 6.201530e+01 5.915028e+01 7.337925e+01 6.262862e+01 3.811773e+01 3.936179e+01 3.418399e+01 2.910479e+01 4.543375e+00 3.710460e+00 4.127984e+00 5.341231e+00 4.566786e+00 5.701170e+00 6.500934e+00 5.932642e+00 3.674838e+00 4.080398e+00 3.380056e+00 3.300526e+00 5.599061e+00
<GCONST> 1.121728e+02
<STATE> 3
<MEAN> 25
 6.735997e+00 -8.938130e-01 -6.407760e+00 -8.095890e+00 1.486087e+00 5.218035e+00 -2.688373e+00 -1.673572e+00 4.660929e-01 -1.981043e+00 -6.602270e-01 -2.145546e+00 -6.852686e-02 -8.462816e-02 3.977620e-02 1.987372e-01 7.137205e-03 -1.081166e-01 9.310079e-02 7.095632e-02 4.358578e-02 -4.840780e-02 -3.180365e-02 -1.633417e-02 -1.199372e-01
<VARIANCE> 25
 1.199937e+01 4.159678e+01 3.864174e+01 8.665413e+01 1.058650e+02 6.151857e+01 7.113982e+01 6.805875e+01 6.246678e+01 5.785956e+01 4.931258e+01 4.341189e+01 5.023096e-01 1.801317e+00 2.020068e+00 4.046579e+00 3.461902e+00 3.852155e+00 3.507590e+00 3.693220e+00 3.650651e+00 3.652420e+00 3.346288e+00 2.894697e+00 1.109796e+00
<GCONST> 1.055222e+02
<STATE> 4
<MEAN> 25
 -4.695349e-01 -1.087730e+00 9.618055e-01 1.338202e+00 -2.231458e+00 -1.688819e+00 1.748749e+00 9.771702e-01 -2.726060e-01 -1.262914e+00 -4.511622e-01 -1.625305e+00 -9.101449e-01 2.704280e-01 2.604924e-01 2.247845e-01 2.332555e-01 2.193074e-01 2.293752e-01 1.423059e-01 -2.364237e-03 1.603619e-01 1.806685e-01 1.219298e-01 -1.216208e-01
<VARIANCE> 25
 5.729571e+01 4.081511e+01 4.935297e+01 4.292588e+01 5.925978e+01 6.257119e+01 4.498865e+01 5.364123e+01 3.918887e+01 3.625221e+01 3.143278e+01 2.762253e+01 5.381177e+00 3.154143e+00 4.373919e+00 4.230572e+00 5.675603e+00 4.524157e+00 4.423637e+00 4.558536e+00 3.468936e+00 3.463294e+00 3.510660e+00 2.416221e+00 3.330672e+00
<GCONST> 1.092215e+02
<TRANSP> 5
 0.000000e+00 1.000000e+00 0.000000e+00 0.000000e+00 0.000000e+00
 0.000000e+00 9.437440e-01 5.625597e-02 0.000000e+00 0.000000e+00
 0.000000e+00 0.000000e+00 9.639798e-01 3.602025e-02 0.000000e+00
 0.000000e+00 0.000000e+00 0.000000e+00 9.055420e-01 9.445801e-02
 0.000000e+00 0.000000e+00 0.000000e+00 0.000000e+00 0.000000e+00
<ENDHMM>
~h "l5_i"
<BEGINHMM>
<NUMSTATES> 5
<STATE> 2
<MEAN> 25
 2.257577e+00 9.860305e-02 -1.835273e+00 -5.379060e+00 -2.542285e+00 5.493909e-02 -1.304899e+00 -2.208984e+00 -7.495713e-01 -8.516920e-01 -1.128373e-01 -9.918168e-01 3.441026e-01 -3.922199e-01 -4.549555e-01 -4.908116e-01 6.804828e-02 2.756138e-01 1.147653e-03 -9.188369e-03 1.358026e-01 -1.741768e-01 -4.182549e-02 1.048738e-01 3.756389e-01
<VARIANCE> 25
 5.976210e+01 4.774609e+01 6.881014e+01 7.409030e+01 5.158599e+01 5.826441e+01 5.972041e+01 6.960637e+01 5.639976e+01 4.841546e+01 5.783839e+01 4.431895e+01 4.040190e+00 3.967546e+00 4.868096e+00 5.952188e+00 3.960901e+00 5.085668e+00 4.886775e+00 5.252753e+00 4.818939e+00 4.913606e+00 4.129809e+00 4.266252e+00 3.324765e+00
<GCONST> 1.141660e+02
<STATE> 3
<MEAN> 25
 6.930302e+00 -2.786849e+00 -8.111142e+00 -8.753252e+00 5.041532e-01 4.832008e+00 1.360174e-01 -3.017782e+00 3.028702e+00 -1.357944e+00 -1.705401e+00 -1.522260e+00 -3.892405e-02 4.003040e-02 8.246507e-02 8.721138e-02 -2.715953e-02 -1.053954e-01 -4.382664e-03 5.417569e-02 8.828287e-02 9.600219e-02 -3.223185e-02 -5.538425e-02 -1.482264e-01
<VARIANCE> 25
 1.123355e+01 4.240807e+01 3.750748e+01 6.788228e+01 6.308203e+01 8.366001e+01 7.398938e+01 6.964020e+01 5.230107e+01 4.908650e+01 5.034846e+01 4.150301e+01 3.617251e-01 1.461729e+00 1.423640e+00 2.443618e+00 2.369148e+00 2.653074e+00 2.625339e+00 2.657080e+00 2.688499e+00 2.280365e+00 2.494588e+00 1.964207e+00 5.693015e-01
<GCONST> 9.979859e+01
<STATE> 4
<MEAN> 25
 1.126188e+00 1.822895e+00 3.500784e+00 -7.804671e-01 -5.007810e+00 -1.675199e+00 -5.247110e-01 -2.062756e+00 -2.704419e-01 9.955715e-01 -8.743438e-01 -2.438948e+00 -4.531893e-01 2.740308e-01 1.395310e-01 3.145819e-01 2.068954e-01 1.748520e-01 1.326920e-01 7.119495e-02 -1.995668e-01 2.988286e-02 1.417047e-01 5.471415e-02 -2.565703e-01
<VARIANCE> 25
 3.796504e+01 4.243947e+01 5.593879e+01 3.883152e+01 7.956220e+01 4.175148e+01 4.080769e+01 7.401209e+01 4.894366e+01 4.351451e+01 3.377185e+01 2.300722e+01 2.638480e+00 2.391514e+00 2.539153e+00 2.352278e+00 4.991039e+00 3.163165e+00 3.277006e+00 4.038482e+00 2.752522e+00 3.082329e+00 2.619474e+00 2.129451e+00 1.191007e+00
<GCONST> 1.044589e+02
<TRANSP> 5
 0.000000e+00 1.000000e+00 0.000000e+00 0.000000e+00 0.000000e+00
 0.000000e+00 9.253386e-01 7.466148e-02 0.000000e+00 0.000000e+00
 0.000000e+00 0.000000e+00 9.687238e-01 3.127616e-02 0.000000e+00
 0.000000e+00 0.000000e+00 0.000000e+00 9.354054e-01 6.459457e-02
 0.000000e+00 0.000000e+00 0.000000e+00 0.000000e+00 0.000000e+00
<ENDHMM>
~h "l5_u"
<BEGINHMM>
<NUMSTATES> 5
<STATE> 2
<MEAN> 25
 2.430042e+00 -1.332909e+00 -5.932817e+00 -5.805593e+00 3.092658e+00 4.659634e+00 1.176387e+00 -2.817332e+00 -9.567015e-01 1.010824e+00 4.450502e-01 -1.889795e+00 4.987037e-01 -3.063167e-01 -7.228695e-01 -6.517366e-01 2.075262e-01 -3.926096e-02 -2.540235e-01 -2.407925e-01 1.728027e-01 8.124537e-02 2.840380e-02 -1.374992e-01 6.346616e-01
<VARIANCE> 25
 6.812367e+01 4.117027e+01 4.446973e+01 7.426390e+01 4.215749e+01 4.202109e+01 5.654660e+01 5.115756e+01 3.215256e+01 3.310033e+01 4.179758e+01 2.886378e+01 5.576886e+00 3.233308e+00 4.456166e+00 7.868153e+00 4.834027e+00 5.216991e+00 5.540021e+00 5.540319e+00 3.848035e+00 4.137116e+00 4.734792e+00 3.392793e+00 4.379636e+00
<GCONST> 1.116255e+02
<STATE> 3
<MEAN> 25
 5.575147e+00 -2.911105e+00 -3.614803e+00 -4.946486e-01 -7.270612e-01 -4.087951e+00 -3.653496e+00 -2.288611e-01 9.040095e-01 -2.222781e+00 -2.247706e+00 -1.420205e+00 -3.944507e-02 1.697380e-01 1.510408e-01 1.015079e-01 -7.021261e-02 -1.735757e-02 9.530545e-02 -7.080425e-02 -1.389621e-01 -6.414927e-02 1.266327e-02 1.490114e-02 -1.028621e-01
<VARIANCE> 25
 3.282481e+01 2.702205e+01 6.715114e+01 5.930992e+01 1.053637e+02 7.942247e+01 5.749959e+01 8.236077e+01 9.671861e+01 4.932846e+01 4.625060e+01 4.815916e+01 1.911340e+00 2.462199e+00 3.832065e+00 3.578668e+00 4.518143e+00 4.537433e+00 3.859041e+00 4.964069e+00 6.044908e+00 3.358062e+00 3.946527e+00 3.244872e+00 1.288798e+00
<GCONST> 1.106530e+02
<STATE> 4
<MEAN> 25
 6.616380e+00 3.232578e+00 -5.773463e+00 -9.710405e+00 -3.778905e-01 3.025463e+00 5.927249e-01 -4.876167e+00 -2.065663e+00 -6.456494e-01 -3.581476e-01 -1.622052e+00 -1.128169e-01 4.898443e-02 8.120042e-02 1.546663e-01 8.505038e-02 8.766567e-02 7.532418e-04 9.820331e-02 3.452946e-02 -4.606683e-03 -2.423105e-02 4.655221e-02 -1.480675e-01
<VARIANCE> 25
 1.466423e+01 3.367316e+01 4.688337e+01 1.105594e+02 5.149427e+01 4.791907e+01 6.327361e+01 3.949247e+01 3.797313e+01 3.320309e+01 4.371544e+01 3.247997e+01 7.592471e-01 1.586033e+00 2.350131e+00 4.577398e+00 2.257981e+00 2.837072e+00 3.182003e+00 2.952677e+00 2.510380e+00 2.317628e+00 2.787771e+00 2.042115e+00 1.062155e+00
<GCONST> 1.009540e+02
<TRANSP> 5
 0.000000e+00 1.000000e+00 0.000000e+00 0.000000e+00 0.000000e+00
 0.000000e+00 8.927468e-01 1.072532e-01 0.000000e+00 0.000000e+00
 0.000000e+00 0.000000e+00 9.483834e-01 5.161660e-02 0.000000e+00
 0.000000e+00 0.000000e+00 0.000000e+00 9.599618e-01 4.003820e-02
 0.000000e+00 0.000000e+00 0.000000e+00 0.000000e+00 0.000000e+00
<ENDHMM>
~h "sil"
<BEGINHMM>
<NUMSTATES> 5
<STATE> 2
<MEAN> 25
 -2.729595e+00 -7.937565e-01 4.543216e-01 1.910112e+00 2.237993e+00 2.037760e+00 1.781212e+00 1.412144e+00 4.266107e-01 4.563765e-01 7.405755e-01 1.527748e+00 -8.560158e-02 1.027439e-02 -1.626235e-02 2.634774e-02 5.368334e-02 7.563908e-02 2.689210e-02 5.976746e-03 4.285043e-03 1.905499e-02 4.530850e-02 4.448450e-02 -1.330582e-01
<VARIANCE> 25
 3.300510e+01 3.121562e+01 2.377179e+01 2.356145e+01 3.341908e+01 3.289885e+01 2.622751e+01 3.264481e+01 2.550530e+01 2.604390e+01 2.464772e+01 2.121648e+01 2.957188e-01 4.818550e-01 6.330416e-01 7.896610e-01 1.025727e+00 1.197519e+00 1.305859e+00 1.437533e+00 1.433761e+00 1.387614e+00 1.306554e+00 1.197937e+00 1.655331e-01
<GCONST> 8.325671e+01
<STATE> 3
~s "silst"
<STATE> 4
<MEAN> 25
 3.826095e+00 -9.288146e-02 5.128065e-01 -9.690586e-01 -2.650940e+00 -2.173410e+00 -1.124730e+00 -1.110109e+00 -8.743117e-01 -2.709218e-01 -6.014659e-01 -1.107911e+00 -5.223316e-02 7.807713e-02 2.921793e-02 9.558964e-02 4.117371e-02 5.491583e-02 6.153916e-02 2.915328e-02 7.890719e-03 3.875380e-02 9.849975e-03 1.272647e-02 -1.578626e-01
<VARIANCE> 25
 2.681220e+01 4.260203e+01 7.697528e+01 5.348661e+01 6.906889e+01 6.692011e+01 5.834691e+01 6.069430e+01 5.568499e+01 4.417235e+01 4.219982e+01 3.502439e+01 2.158226e+00 2.752890e+00 3.384512e+00 3.247072e+00 4.315229e+00 4.381129e+00 3.894970e+00 4.360345e+00 3.809054e+00 3.287725e+00 3.054500e+00 2.692844e+00 1.947634e+00
<GCONST> 1.082797e+02
<TRANSP> 5
 0.000000e+00 1.000000e+00 0.000000e+00 0.000000e+00 0.000000e+00
 0.000000e+00 8.862928e-01 7.537811e-02 3.832913e-02 0.000000e+00
 0.000000e+00 0.000000e+00 8.724515e-01 1.275485e-01 0.000000e+00
 0.000000e+00 6.538460e-02 0.000000e+00 9.273039e-01 7.311465e-03
 0.000000e+00 0.000000e+00 0.000000e+00 0.000000e+00 0.000000e+00
<ENDHMM>
