~o
<STREAMINFO> 1 14
<VECSIZE> 14<NULLD><USER><DIAGC>
~s "silst"
<MEAN> 14
 -1.085763e+03 1.067095e+02 -2.507991e+02 2.522654e+02 -1.908698e+02 2.630360e+02 3.516645e+02 5.472595e+01 -4.160627e+02 7.589349e+01 3.814176e+00 4.998967e+01 -2.673124e+00 3.910894e+00
<VARIANCE> 14
 3.518582e+08 3.615422e+08 3.598397e+08 3.568752e+08 3.589959e+08 3.515513e+08 3.529319e+08 3.508256e+08 3.659328e+08 3.568162e+08 2.229039e+01 4.966151e+01 5.822175e+00 1.372511e+01
<GCONST> 2.340442e+02
~h "l1_i"
<BEGINHMM>
<NUMSTATES> 5
<STATE> 2
<MEAN> 14
 -2.044119e+03 -1.435842e+03 -1.316000e+02 -1.510728e+02 -4.741783e+02 -1.195323e+03 8.826326e+01 -4.906115e+02 8.129327e+02 -4.405401e+02 1.422869e+01 4.732441e+01 -1.635805e+00 1.707867e+00
<VARIANCE> 14
 3.451936e+08 3.485612e+08 3.494084e+08 3.640851e+08 3.538728e+08 3.638588e+08 3.391884e+08 3.566584e+08 3.674890e+08 3.498266e+08 1.490018e+02 2.822576e+01 1.295021e+00 2.621541e+00
<GCONST> 2.321366e+02
<STATE> 3
<MEAN> 14
 -2.653726e+03 -2.096765e+02 -4.728614e+02 2.688722e+02 -8.999924e+02 4.987854e+02 -1.723276e+03 -2.066446e+02 -1.469566e+03 1.521518e+03 6.704149e+00 4.548010e+01 -1.246507e+00 1.247213e+00
<VARIANCE> 14
 2.641260e+08 3.894489e+08 3.639371e+08 3.669377e+08 3.450388e+08 3.524087e+08 3.422154e+08 3.383745e+08 4.024065e+08 3.514679e+08 2.915500e+01 2.191972e+01 1.766394e-01 1.814916e-01
<GCONST> 2.254762e+02
<STATE> 4
<MEAN> 14
 -1.254770e+03 -1.010761e+03 3.971693e+02 6.149453e+02 2.507796e+02 -1.312643e+01 -1.111783e+03 5.918613e+02 1.324163e+02 -1.102253e+03 2.148138e+00 4.860016e+01 -1.228747e+00 1.664328e+00
<VARIANCE> 14
 3.388824e+08 3.517646e+08 3.531648e+08 3.486886e+08 3.423467e+08 3.431552e+08 3.647124e+08 3.448656e+08 3.770549e+08 3.465922e+08 2.194912e+00 2.302963e+01 3.062372e-01 9.257063e-01
<GCONST> 2.251543e+02
<TRANSP> 5
 0.000000e+00 1.000000e+00 0.000000e+00 0.000000e+00 0.000000e+00
 0.000000e+00 9.094541e-01 9.054590e-02 0.000000e+00 0.000000e+00
 0.000000e+00 0.000000e+00 7.615881e-01 2.384119e-01 0.000000e+00
 0.000000e+00 0.000000e+00 0.000000e+00 9.356863e-01 6.431370e-02
 0.000000e+00 0.000000e+00 0.000000e+00 0.000000e+00 0.000000e+00
<ENDHMM>
~h "l1_u"
<BEGINHMM>
<NUMSTATES> 5
<STATE> 2
<MEAN> 14
 -5.936230e+03 7.439524e+02 2.338703e+03 1.456177e+03 -7.725576e+02 -1.614397e+02 -2.484467e+02 -8.529613e+02 2.860471e+02 2.021154e+03 1.464887e+01 4.580050e+01 -1.535514e+00 1.932885e+00
<VARIANCE> 14
 3.051701e+08 3.366897e+08 3.693350e+08 3.899616e+08 3.747597e+08 3.243598e+08 3.497481e+08 3.557250e+08 3.647733e+08 3.451268e+08 2.148450e+02 3.267329e+01 6.822838e-01 2.940433e+00
<GCONST> 2.320386e+02
<STATE> 3
<MEAN> 14
 2.267487e+02 1.649080e+03 -2.042955e+03 -9.376202e+02 -5.083231e+02 9.696841e+02 -8.793605e+02 -2.637938e+03 1.455839e+03 -3.829182e+03 9.687118e+00 4.607643e+01 -1.183545e+00 1.207026e+00
<VARIANCE> 14
 3.085258e+08 3.657240e+08 3.336995e+08 3.216012e+08 3.470736e+08 3.611865e+08 3.204039e+08 3.690761e+08 3.297166e+08 3.012881e+08 5.863295e+01 2.378483e+01 1.052150e-01 1.906468e-01
<GCONST> 2.253597e+02
<STATE> 4
<MEAN> 14
 2.180052e+03 -1.784860e+01 -4.008848e+02 -3.374801e+03 2.291622e+02 -2.255006e+03 1.960616e+03 2.838222e+03 4.311710e+02 -1.459802e+02 7.138043e+00 4.848531e+01 -1.883953e+00 1.639260e+00
<VARIANCE> 14
 3.213200e+08 3.046594e+08 3.267948e+08 3.259125e+08 3.542767e+08 3.617986e+08 3.583085e+08 3.924878e+08 3.698488e+08 3.067243e+08 5.031547e+01 1.416778e+01 2.618247e+00 1.198683e+00
<GCONST> 2.299201e+02
<TRANSP> 5
 0.000000e+00 1.000000e+00 0.000000e+00 0.000000e+00 0.000000e+00
 0.000000e+00 8.193639e-01 1.806361e-01 0.000000e+00 0.000000e+00
 0.000000e+00 0.000000e+00 8.549379e-01 1.450621e-01 0.000000e+00
 0.000000e+00 0.000000e+00 0.000000e+00 6.637175e-01 3.362825e-01
 0.000000e+00 0.000000e+00 0.000000e+00 0.000000e+00 0.000000e+00
<ENDHMM>
~h "l2_i"
<BEGINHMM>
<NUMSTATES> 5
<STATE> 2
<MEAN> 14
 -5.456642e+03 1.170799e+03 1.875910e+03 -2.138049e+02 -1.425424e+03 -2.124470e+03 -1.900280e+03 5.911893e+02 9.833058e+02 -4.919292e+02 1.708292e+01 4.689857e+01 -1.583556e+00 1.737363e+00
<VARIANCE> 14
 2.544582e+08 3.859782e+08 3.194603e+08 3.278571e+08 3.530293e+08 3.440180e+08 3.415308e+08 3.717996e+08 3.713619e+08 3.333424e+08 1.995028e+02 4.250681e+01 9.526130e-01 2.891179e+00
<GCONST> 2.321835e+02
<STATE> 3
<MEAN> 14
 -2.613671e+03 -2.623601e+01 -1.008011e+03 8.910918e+02 -9.466879e+02 7.794861e+02 -1.352971e+02 6.438964e+02 -8.310410e+02 -4.570418e+02 4.281440e+00 4.843692e+01 -1.344862e+00 1.336318e+00
<VARIANCE> 14
 3.223092e+08 3.626512e+08 3.754999e+08 3.661100e+08 3.679349e+08 3.423084e+08 3.396683e+08 3.327626e+08 3.223652e+08 3.637714e+08 1.054017e+01 2.547499e+01 4.260433e-01 2.129480e-01
<GCONST> 2.256297e+02
<STATE> 4
<MEAN> 14
 -1.183851e+03 4.162170e+02 1.909428e+02 -9.271365e+02 -8.150048e+02 1.610404e+03 -2.715160e+02 -1.679292e+03 4.260439e+02 1.290135e+03 1.144011e+01 4.867422e+01 -1.732686e+00 1.877358e+00
<VARIANCE> 14
 3.349223e+08 3.507201e+08 3.567702e+08 3.477525e+08 3.604899e+08 3.418977e+08 3.396115e+08 3.253214e+08 3.709015e+08 3.237202e+08 1.265129e+02 2.933932e+01 1.621248e+00 4.043508e+00
<GCONST> 2.324178e+02
<TRANSP> 5
 0.000000e+00 1.000000e+00 0.000000e+00 0.000000e+00 0.000000e+00
 0.000000e+00 8.029974e-01 1.970026e-01 0.000000e+00 0.000000e+00
 0.000000e+00 0.000000e+00 9.076879e-01 9.231208e-02 0.000000e+00
 0.000000e+00 0.000000e+00 0.000000e+00 8.541868e-01 1.458132e-01
 0.000000e+00 0.000000e+00 0.000000e+00 0.000000e+00 0.000000e+00
<ENDHMM>
~h "l2_u"
<BEGINHMM>
<NUMSTATES> 5
<STATE> 2
<MEAN> 14
 -5.126958e+03 2.239909e+03 -2.140324e+03 7.520240e+03 1.319235e+03 -8.216812e+02 3.951690e+03 3.146964e+02 -2.019123e+03 2.354375e+02 4.924905e+00 4.740220e+01 -1.141073e+00 5.082302e+00
<VARIANCE> 14
 3.084379e+08 3.511561e+08 3.453318e+08 3.167087e+08 3.348858e+08 3.305328e+08 2.991799e+08 3.614851e+08 3.455845e+08 3.493064e+08 2.685758e+01 2.671718e+01 1.093285e-01 1.414093e+01
<GCONST> 2.289991e+02
<STATE> 3
<MEAN> 14
 -5.520447e+01 -1.625409e+03 -1.534508e+03 -1.643016e+03 -4.399100e+02 -2.113378e+03 7.375786e+01 9.558246e+02 -3.910195e+02 -2.182269e+02 2.248788e+00 4.881909e+01 -1.214437e+00 1.719287e+00
<VARIANCE> 14
 3.170530e+08 3.402123e+08 3.255208e+08 3.617212e+08 3.631906e+08 3.583649e+08 3.833885e+08 3.626541e+08 3.885640e+08 3.501578e+08 2.903223e+00 2.522480e+01 2.203265e-01 1.243838e+00
<GCONST> 2.255893e+02
<STATE> 4
<MEAN> 14
 -1.564857e+03 -8.665603e+02 -4.497749e+02 -2.228306e+02 -3.396711e+02 -2.043532e+02 7.081498e+02 -9.800180e+02 -1.309595e+02 6.780073e+02 1.484916e+01 4.720388e+01 -1.468193e+00 1.611007e+00
<VARIANCE> 14
 3.469679e+08 3.641245e+08 3.627654e+08 3.613556e+08 3.838411e+08 3.532297e+08 3.379850e+08 3.589816e+08 3.552282e+08 3.542885e+08 2.072983e+02 2.689920e+01 6.384517e-01 1.561645e+00
<GCONST> 2.313055e+02
<TRANSP> 5
 0.000000e+00 1.000000e+00 0.000000e+00 0.000000e+00 0.000000e+00
 0.000000e+00 1.495183e-01 8.504816e-01 0.000000e+00 0.000000e+00
 0.000000e+00 0.000000e+00 8.932464e-01 1.067536e-01 0.000000e+00
 0.000000e+00 0.000000e+00 0.000000e+00 9.409381e-01 5.906183e-02
 0.000000e+00 0.000000e+00 0.000000e+00 0.000000e+00 0.000000e+00
<ENDHMM>
~h "l3_i"
<BEGINHMM>
<NUMSTATES> 5
<STATE> 2
<MEAN> 14
 -1.581198e+03 5.871123e+02 -1.761705e+03 1.175063e+03 9.454016e+01 -2.053780e+03 -3.795256e+02 -1.740278e+03 -1.430582e+03 -4.802980e+02 1.595509e+01 4.575246e+01 -1.628841e+00 1.925113e+00
<VARIANCE> 14
 3.424085e+08 3.382350e+08 3.596916e+08 3.667248e+08 3.455783e+08 3.309781e+08 3.701455e+08 3.634045e+08 3.549351e+08 3.430630e+08 1.846498e+02 3.996807e+01 1.646434e+00 4.225127e+00
<GCONST> 2.333477e+02
<STATE> 3
<MEAN> 14
 -3.572102e+03 8.928396e+02 -8.559509e+01 -7.620546e+02 2.799438e+01 5.672704e+02 2.652272e+02 1.015484e+03 -7.611381e+02 -6.154515e+02 7.860738e+00 4.603605e+01 -1.234062e+00 1.170718e+00
<VARIANCE> 14
 3.292367e+08 3.421779e+08 3.378216e+08 3.608627e+08 3.510774e+08 3.478715e+08 3.605959e+08 3.554599e+08 3.480054e+08 3.507370e+08 3.280275e+01 2.723558e+01 1.359145e-01 1.319100e-01
<GCONST> 2.251884e+02
<STATE> 4
<MEAN> 14
 -3.130566e+03 -8.600753e+02 1.284039e+02 -9.877392e+02 1.758054e+02 7.591385e+02 -7.627695e+02 1.377520e+03 -1.079914e+03 -5.273729e+02 2.463123e+00 4.818044e+01 -1.348514e+00 1.665777e+00
<VARIANCE> 14
 3.459861e+08 4.019609e+08 3.312926e+08 3.459115e+08 3.781340e+08 3.533653e+08 3.787349e+08 3.779152e+08 3.712176e+08 3.471565e+08 3.659130e+00 2.609803e+01 3.938393e-01 8.978180e-01
<GCONST> 2.263376e+02
<TRANSP> 5
 0.000000e+00 1.000000e+00 0.000000e+00 0.000000e+00 0.000000e+00
 0.000000e+00 8.441950e-01 1.558050e-01 0.000000e+00 0.000000e+00
 0.000000e+00 0.000000e+00 8.594397e-01 1.405603e-01 0.000000e+00
 0.000000e+00 0.000000e+00 0.000000e+00 8.859235e-01 1.140765e-01
 0.000000e+00 0.000000e+00 0.000000e+00 0.000000e+00 0.000000e+00
<ENDHMM>
~h "l3_u"
<BEGINHMM>
<NUMSTATES> 5
<STATE> 2
<MEAN> 14
 -1.881643e+03 1.162450e+03 8.664772e+02 -4.227931e+02 -3.760714e+02 7.326537e+02 2.573626e+02 5.932263e+01 2.973305e+02 1.977678e+02 1.250292e+01 4.744154e+01 -1.470629e+00 1.621986e+00
<VARIANCE> 14
 3.574331e+08 3.483387e+08 3.485686e+08 3.769709e+08 3.424168e+08 3.636871e+08 3.273721e+08 3.461182e+08 3.718968e+08 3.492129e+08 1.435868e+02 2.741683e+01 5.795039e-01 1.390536e+00
<GCONST> 2.306102e+02
<STATE> 3
<MEAN> 14
 -1.510807e+03 1.891481e+03 -8.808872e+02 1.177526e+03 -2.269679e+03 -1.211234e+02 -1.633922e+03 8.720337e+02 5.318978e+03 2.619626e+03 5.052912e+00 4.824991e+01 -1.226165e+00 4.629502e+00
<VARIANCE> 14
 3.395895e+08 4.357853e+08 2.943990e+08 3.292984e+08 3.845089e+08 3.514769e+08 3.656546e+08 3.536815e+08 3.225704e+08 3.059045e+08 1.709944e+01 2.571038e+01 1.925751e-01 2.756075e+01
<GCONST> 2.301110e+02
<STATE> 4
<MEAN> 14
 -2.089234e+03 1.838900e+03 6.158748e+02 -2.621121e+02 1.070059e+03 -2.556328e+02 5.250425e+02 -1.860421e+02 -1.264299e+03 -2.626504e+02 2.847064e+00 4.849389e+01 -1.223400e+00 1.528152e+00
<VARIANCE> 14
 3.176218e+08 3.650633e+08 3.634066e+08 3.734014e+08 3.589266e+08 3.344517e+08 3.395065e+08 3.611113e+08 3.432069e+08 3.777546e+08 4.184043e+00 2.612743e+01 2.189808e-01 4.090435e-01
<GCONST> 2.248309e+02
<TRANSP> 5
 0.000000e+00 1.000000e+00 0.000000e+00 0.000000e+00 0.000000e+00
 0.000000e+00 9.175668e-01 8.243321e-02 0.000000e+00 0.000000e+00
 0.000000e+00 0.000000e+00 1.384537e-01 8.615463e-01 0.000000e+00
 0.000000e+00 0.000000e+00 0.000000e+00 9.189334e-01 8.106662e-02
 0.000000e+00 0.000000e+00 0.000000e+00 0.000000e+00 0.000000e+00
<ENDHMM>
~h "l4_i"
<BEGINHMM>
<NUMSTATES> 5
<STATE> 2
<MEAN> 14
 -3.676452e+03 6.965291e+02 3.579878e+03 -2.524482e+02 -6.349850e+02 3.362148e+03 -2.729196e+02 1.537839e+03 -4.683362e+02 1.205395e+03 1.079072e+01 4.823750e+01 -2.653942e+00 2.985616e+00
<VARIANCE> 14
 2.876351e+08 4.081059e+08 3.929507e+08 3.454746e+08 3.011730e+08 3.854362e+08 3.416122e+08 3.026921e+08 4.141386e+08 3.343808e+08 1.460904e+02 3.822520e+01 8.605298e+00 1.003297e+01
<GCONST> 2.355101e+02
<STATE> 3
<MEAN> 14
 -2.826128e+03 1.082374e+02 -4.194495e+02 -1.176095e+03 3.359142e+02 -6.648701e+02 -1.108155e+03 -1.608718e+02 -1.956921e+02 1.482880e+03 2.991008e+00 4.889671e+01 -1.272444e+00 1.545565e+00
<VARIANCE> 14
 3.221996e+08 3.723711e+08 3.431807e+08 3.337117e+08 3.822138e+08 3.490881e+08 3.415999e+08 3.561198e+08 3.589290e+08 3.608848e+08 7.100122e+00 2.449188e+01 2.878838e-01 3.889560e-01
<GCONST> 2.254799e+02
<STATE> 4
<MEAN> 14
 -1.475993e+03 2.888698e+02 -7.408665e+02 4.564601e+02 -7.913431e+02 8.256595e+01 -1.225534e+03 3.541138e+01 8.054581e+02 -1.564306e+02 1.322719e+01 4.812656e+01 -1.571566e+00 2.144535e+00
<VARIANCE> 14
 3.510046e+08 3.611031e+08 3.588441e+08 3.742189e+08 3.526137e+08 3.751275e+08 3.603346e+08 3.294697e+08 3.836125e+08 3.341063e+08 2.355442e+02 2.289034e+01 7.725123e-01 4.725695e+00
<GCONST> 2.325688e+02
<TRANSP> 5
 0.000000e+00 1.000000e+00 0.000000e+00 0.000000e+00 0.000000e+00
 0.000000e+00 6.415474e-01 3.584525e-01 0.000000e+00 0.000000e+00
 0.000000e+00 0.000000e+00 9.071233e-01 9.287663e-02 0.000000e+00
 0.000000e+00 0.000000e+00 0.000000e+00 8.735136e-01 1.264865e-01
 0.000000e+00 0.000000e+00 0.000000e+00 0.000000e+00 0.000000e+00
<ENDHMM>
~h "l4_u"
<BEGINHMM>
<NUMSTATES> 5
<STATE> 2
<MEAN> 14
 -1.675646e+03 6.389792e+02 6.905127e+01 -1.106416e+03 1.316246e+03 -1.900316e+02 -8.215232e+02 -1.020224e+02 3.216045e+02 -2.689118e+03 1.693816e+01 4.644118e+01 -1.544611e+00 1.994937e+00
<VARIANCE> 14
 3.242905e+08 3.759025e+08 3.564957e+08 3.777976e+08 3.823707e+08 3.080933e+08 3.556058e+08 3.540305e+08 3.401818e+08 3.459973e+08 2.263383e+02 4.732179e+01 7.776790e-01 4.523844e+00
<GCONST> 2.330399e+02
<STATE> 3
<MEAN> 14
 -8.803102e+02 4.190584e+02 2.086635e+03 1.911190e+02 5.932387e+02 1.515884e+03 -7.246017e+02 8.646575e+02 -1.692146e+03 1.718941e+03 6.865862e+00 4.455231e+01 -1.168294e+00 1.289190e+00
<VARIANCE> 14
 3.028312e+08 3.607785e+08 3.950067e+08 3.822095e+08 3.526593e+08 3.697298e+08 3.565271e+08 3.449610e+08 3.107193e+08 3.502697e+08 2.746870e+01 2.200474e+01 1.470720e-01 2.510624e-01
<GCONST> 2.256128e+02
<STATE> 4
<MEAN> 14
 -1.616189e+03 1.031195e+02 -1.017096e+03 -1.692331e+03 -1.428795e+03 -1.502351e+03 1.192339e+02 1.180540e+03 -5.478303e+02 8.020952e+02 2.138209e+00 4.765618e+01 -1.273214e+00 1.959614e+00
<VARIANCE> 14
 3.107432e+08 3.597124e+08 3.699971e+08 3.354857e+08 3.182980e+08 3.674062e+08 3.862205e+08 3.524075e+08 3.503439e+08 3.430724e+08 2.652420e+00 2.195622e+01 4.068030e-01 1.803612e+00
<GCONST> 2.261811e+02
<TRANSP> 5
 0.000000e+00 1.000000e+00 0.000000e+00 0.000000e+00 0.000000e+00
 0.000000e+00 8.163232e-01 1.836768e-01 0.000000e+00 0.000000e+00
 0.000000e+00 0.000000e+00 8.421743e-01 1.578258e-01 0.000000e+00
 0.000000e+00 0.000000e+00 0.000000e+00 8.559278e-01 1.440722e-01
 0.000000e+00 0.000000e+00 0.000000e+00 0.000000e+00 0.000000e+00
<ENDHMM>
~h "l5_i"
<BEGINHMM>
<NUMSTATES> 5
<STATE> 2
<MEAN> 14
 -7.000823e+02 -1.537883e+03 -8.273622e+02 -8.748143e+02 1.641753e+03 -4.741697e+02 -3.729295e+02 6.427002e+00 -2.840319e+02 -1.045277e+03 1.704653e+01 4.686359e+01 -1.537548e+00 1.365973e+00
<VARIANCE> 14
 3.476527e+08 3.722378e+08 3.774946e+08 3.565930e+08 3.631771e+08 3.711286e+08 3.531205e+08 3.519782e+08 3.496372e+08 3.390023e+08 2.177628e+02 2.688837e+01 8.786362e-01 7.384601e-01
<GCONST> 2.309335e+02
<STATE> 3
<MEAN> 14
 -1.726639e+03 -6.991688e+02 1.026637e+03 -1.444814e+03 1.185773e+03 -5.460632e+02 1.039724e+03 -1.184566e+03 2.250339e+03 -1.481809e+03 5.891211e+00 4.607863e+01 -1.229417e+00 3.422886e+00
<VARIANCE> 14
 3.641816e+08 3.473282e+08 3.592045e+08 3.734708e+08 3.615620e+08 3.132867e+08 3.894549e+08 3.654134e+08 4.171558e+08 4.017359e+08 1.954285e+01 2.383032e+01 2.011501e-01 1.073201e+01
<GCONST> 2.298857e+02
<STATE> 4
<MEAN> 14
 -8.560120e+02 4.862886e+02 7.065206e+01 1.040136e+03 -2.854491e+02 -4.007642e+02 6.300790e+02 5.546036e+01 -1.132947e+03 8.621777e+01 2.668637e+00 4.826669e+01 -1.334758e+00 1.519917e+00
<VARIANCE> 14
 3.481470e+08 3.536831e+08 3.498465e+08 3.457972e+08 3.429983e+08 3.503173e+08 3.210310e+08 3.490025e+08 3.428867e+08 3.625045e+08 3.553581e+00 2.537638e+01 3.962151e-01 5.218168e-01
<GCONST> 2.252889e+02
<TRANSP> 5
 0.000000e+00 1.000000e+00 0.000000e+00 0.000000e+00 0.000000e+00
 0.000000e+00 8.852614e-01 1.147385e-01 0.000000e+00 0.000000e+00
 0.000000e+00 0.000000e+00 5.351560e-01 4.648440e-01 0.000000e+00
 0.000000e+00 0.000000e+00 0.000000e+00 9.270538e-01 7.294615e-02
 0.000000e+00 0.000000e+00 0.000000e+00 0.000000e+00 0.000000e+00
<ENDHMM>
~h "l5_u"
<BEGINHMM>
<NUMSTATES> 5
<STATE> 2
<MEAN> 14
 -5.058023e+03 -1.476993e+03 -2.492314e+03 2.760091e+03 1.965439e+03 1.176129e+03 2.406084e+03 -2.047647e+01 1.046874e+02 -1.015893e+03 1.726914e+01 4.731945e+01 -1.383266e+00 2.868998e+00
<VARIANCE> 14
 2.863277e+08 3.805564e+08 3.648303e+08 3.591991e+08 3.559089e+08 3.354067e+08 3.068864e+08 3.526976e+08 3.378139e+08 3.435552e+08 2.901520e+02 2.506567e+01 1.972018e-01 9.266692e+00
<GCONST> 2.317062e+02
<STATE> 3
<MEAN> 14
 -8.620272e+02 -4.618063e+02 1.828156e+03 2.264214e+02 -1.591417e+02 5.045561e+02 1.020608e+03 3.155115e+03 1.308168e+03 -1.672894e+03 1.040387e+01 4.497184e+01 -1.310371e+00 1.390808e+00
<VARIANCE> 14
 2.875846e+08 3.562396e+08 3.517611e+08 3.554167e+08 3.796662e+08 3.600144e+08 3.820347e+08 3.678140e+08 3.616650e+08 3.358986e+08 8.732744e+01 5.204790e+01 1.834772e-01 3.456250e-01
<GCONST> 2.282086e+02
<STATE> 4
<MEAN> 14
 -2.247587e+03 1.020186e+03 8.952664e+02 8.597119e+02 -9.259315e+02 3.665247e+01 3.025771e+02 -4.890581e+02 1.745913e+02 -2.934311e+03 9.756389e+00 4.923995e+01 -1.769621e+00 2.063239e+00
<VARIANCE> 14
 3.133575e+08 3.506216e+08 3.753521e+08 3.790682e+08 3.712148e+08 3.908619e+08 3.412692e+08 3.305919e+08 3.481115e+08 3.518279e+08 9.732507e+01 2.907886e+01 1.463079e+00 4.194583e+00
<GCONST> 2.323548e+02
<TRANSP> 5
 0.000000e+00 1.000000e+00 0.000000e+00 0.000000e+00 0.000000e+00
 0.000000e+00 6.318032e-01 3.681968e-01 0.000000e+00 0.000000e+00
 0.000000e+00 0.000000e+00 8.744212e-01 1.255788e-01 0.000000e+00
 0.000000e+00 0.000000e+00 0.000000e+00 8.890069e-01 1.109931e-01
 0.000000e+00 0.000000e+00 0.000000e+00 0.000000e+00 0.000000e+00
<ENDHMM>
~h "sil"
<BEGINHMM>
<NUMSTATES> 5
<STATE> 2
<MEAN> 14
 -1.660133e+03 1.221638e+02 -7.510199e+01 3.542150e+01 -1.918791e+02 6.810279e+01 2.345844e+02 5.326952e+01 8.332014e+01 1.095945e+02 3.873982e-01 5.631603e+01 -1.518144e+00 1.686668e+00
<VARIANCE> 14
 3.371414e+08 3.585813e+08 3.540023e+08 3.538491e+08 3.570140e+08 3.561003e+08 3.551625e+08 3.568539e+08 3.568244e+08 3.561862e+08 4.165875e-01 7.593793e+01 4.075893e-01 5.462548e-01
<GCONST> 2.245339e+02
<STATE> 3
~s "silst"
<STATE> 4
<MEAN> 14
 -1.618301e+03 5.836593e+01 -2.993005e+01 4.109336e+01 6.268684e+00 -2.539823e+02 -7.462891e+01 -2.574550e+00 -6.159489e+00 1.079260e+02 6.821893e+00 4.757595e+01 -1.321128e+00 1.358520e+00
<VARIANCE> 14
 3.411934e+08 3.563984e+08 3.573030e+08 3.576488e+08 3.582620e+08 3.541963e+08 3.528209e+08 3.569792e+08 3.589954e+08 3.579268e+08 4.308873e+01 2.726774e+01 2.726959e-01 3.912308e-01
<GCONST> 2.274415e+02
<TRANSP> 5
 0.000000e+00 1.000000e+00 0.000000e+00 0.000000e+00 0.000000e+00
 0.000000e+00 8.319897e-01 7.345742e-02 9.455289e-02 0.000000e+00
 0.000000e+00 0.000000e+00 4.447919e-01 5.552081e-01 0.000000e+00
 0.000000e+00 2.041754e-01 0.000000e+00 7.663029e-01 2.952165e-02
 0.000000e+00 0.000000e+00 0.000000e+00 0.000000e+00 0.000000e+00
<ENDHMM>
