~o
<STREAMINFO> 1 25
<VECSIZE> 25<NULLD><MFCC_D_N_Z_0><DIAGC>
~s "silst"
<MEAN> 25
 -6.679887e+00 3.302526e+00 -1.444177e+00 -2.914329e+00 2.360191e+00 -7.319390e-02 -1.709605e-01 2.474238e+00 -2.275303e+00 1.902239e-01 2.018281e+00 -1.042868e+00 9.149782e-02 -3.475020e-01 -5.893011e-02 1.862721e-01 -3.306677e-01 1.471846e-02 5.824264e-02 -2.680793e-01 5.152250e-02 -5.961973e-02 -1.694244e-01 1.349538e-01 1.252541e+00
<VARIANCE> 25
 5.715417e+01 4.578679e+01 1.588443e+01 2.920415e+01 4.215492e+01 1.734240e+01 1.843050e+01 2.695750e+01 1.999589e+01 1.628272e+01 1.410348e+01 1.578719e+01 2.076784e+00 1.906871e+00 1.014063e+00 1.415401e+00 1.485146e+00 1.373142e+00 1.333953e+00 1.797322e+00 1.961260e+00 1.430110e+00 1.286401e+00 1.053055e+00 4.522586e+00
<GCONST> 9.011903e+01
~h "ek"
<BEGINHMM>
<NUMSTATES> 5
<STATE> 2
<MEAN> 25
 -4.072258e-01 1.898939e+00 -4.058523e-01 2.442952e-01 -3.000053e-01 -2.493128e+00 -3.074827e+00 -2.617159e+00 -5.190356e-01 -4.287751e-01 -2.775713e+00 -9.032397e-01 1.082456e+00 -4.661296e-01 -1.315536e-01 1.709843e+00 1.103816e+00 -1.849957e+00 -3.172737e+00 -1.897839e+00 -8.258726e-01 -6.282884e-01 -2.291520e-01 -3.337330e-01 9.391652e-01
<VARIANCE> 25
 4.379127e+00 3.735587e+00 2.755239e+00 4.155214e+00 3.514401e+00 4.660952e+00 1.529557e+01 1.786585e+01 1.061797e+01 9.061314e+00 2.842107e+00 5.269914e+00 2.223258e-01 1.652100e+00 3.915735e-01 1.795261e+00 1.165133e+00 5.911864e-01 7.191834e-01 1.068966e+00 1.454248e+00 8.197179e-01 6.801004e-01 9.936629e-01 2.590891e-01
<GCONST> 6.330273e+01
<STATE> 3
<MEAN> 25
 9.943182e+00 -1.022205e+01 1.445088e+00 1.731079e+01 7.218422e+00 -1.286726e+01 -2.045023e+01 -1.109690e+01 -2.845720e+00 -3.121231e+00 6.054078e-01 2.635666e-01 1.335913e+00 -1.764415e+00 8.153735e-01 2.027819e+00 4.909803e-01 -1.278961e+00 -1.615646e+00 -7.027489e-01 -1.953634e-01 -3.182314e-01 3.205978e-01 4.094292e-01 2.680098e+00
<VARIANCE> 25
 2.202591e+01 2.750068e+01 8.486337e+00 3.039305e+01 1.341834e+01 2.875704e+01 1.935810e+01 1.992077e+01 1.744508e+01 6.100725e+00 1.294006e+01 2.443475e+01 2.621994e+00 2.618283e+00 6.577936e-01 4.081854e+00 2.126797e+00 1.825819e+00 4.647127e+00 3.852546e+00 2.403891e+00 1.034734e+00 1.683513e+00 8.280969e-01 2.681666e+00
<GCONST> 8.962589e+01
<STATE> 4
<MEAN> 25
 6.567312e+00 -6.079034e+00 2.694928e+00 7.007152e+00 -5.556813e-02 -1.054135e+00 -3.031778e+00 -4.322278e+00 -1.187901e+00 -2.196980e+00 -8.330610e-01 -3.731019e-01 -2.665154e-01 3.941674e-01 -1.067440e-01 -5.399284e-01 -1.988535e-01 5.539635e-01 7.536634e-01 3.276820e-01 8.113769e-02 1.078507e-01 -3.378859e-02 -5.341969e-02 -5.343114e-01
<VARIANCE> 25
 2.268090e+01 6.295408e+01 1.634674e+01 1.208288e+02 9.985178e+01 8.846750e+01 1.479496e+02 3.945855e+01 2.220007e+01 2.760842e+01 1.710847e+01 1.791449e+01 1.717439e+00 4.242821e+00 1.307833e+00 4.880358e+00 6.669007e+00 3.144016e+00 2.952303e+00 2.290748e+00 1.363515e+00 2.510600e+00 1.808229e+00 1.565004e+00 2.989617e+00
<GCONST> 1.028612e+02
<TRANSP> 5
 0.000000e+00 1.000000e+00 0.000000e+00 0.000000e+00 0.000000e+00
 0.000000e+00 7.276083e-01 2.723917e-01 0.000000e+00 0.000000e+00
 0.000000e+00 0.000000e+00 8.696712e-01 1.303288e-01 0.000000e+00
 0.000000e+00 0.000000e+00 0.000000e+00 9.739343e-01 2.606571e-02
 0.000000e+00 0.000000e+00 0.000000e+00 0.000000e+00 0.000000e+00
<ENDHMM>
~h "saat"
<BEGINHMM>
<NUMSTATES> 5
<STATE> 2
<MEAN> 25
 -2.990325e+00 -2.559182e+00 2.095063e-01 9.474046e-01 -3.364728e+00 -1.095065e+00 2.763138e+00 6.494930e-02 -3.384217e+00 5.460616e-01 2.615624e+00 -1.479438e+00 5.968152e-02 -3.396846e+00 2.245755e+00 1.632236e+00 -2.652525e+00 1.157330e+00 1.369373e+00 -2.015351e+00 -9.759743e-01 3.678260e-02 9.284456e-01 7.450139e-01 1.741378e+00
<VARIANCE> 25
 2.851861e+00 5.439376e+01 3.122257e+01 1.839330e+01 2.268721e+01 1.310317e+01 2.196455e+01 4.192267e+01 1.731716e+01 1.507745e+01 1.166607e+01 1.521682e+01 7.175171e-01 1.905241e+00 3.222874e+00 1.608706e+00 6.914616e-01 3.864253e+00 2.346735e+00 4.426291e+00 2.291055e+00 1.989568e+00 9.749418e-01 1.220396e+00 8.884999e-01
<GCONST> 8.746246e+01
<STATE> 3
<MEAN> 25
 -1.608458e+00 -1.695772e+01 1.221628e+01 6.275761e+00 -1.368159e+01 6.339355e+00 3.199047e+00 -8.856172e+00 1.068665e+00 -1.970020e-01 1.195947e+00 2.394392e+00 1.375562e+00 -2.603619e-01 -2.179483e-01 -8.939868e-02 -3.347898e-01 -4.272984e-01 -6.280453e-01 -1.722111e-01 1.947739e-01 -6.186329e-01 -4.031809e-01 3.451765e-01 1.261978e+00
<VARIANCE> 25
 1.932263e+01 3.433838e+01 2.971588e+01 1.625886e+01 1.955295e+01 2.246630e+01 1.841729e+01 1.620755e+01 1.220459e+01 1.007921e+01 1.477165e+01 8.768909e+00 4.543827e+00 4.675389e+00 3.912115e+00 1.063153e+00 2.575075e+00 3.658454e+00 1.908746e+00 2.942802e+00 1.784751e+00 1.291654e+00 9.915955e-01 7.520094e-01 8.381295e-01
<GCONST> 8.890022e+01
<STATE> 4
<MEAN> 25
 1.080821e+01 -5.665508e+00 -1.099181e+00 -2.047879e+00 -1.015289e+01 -3.970487e+00 -8.181557e-01 -1.604450e+00 3.321363e+00 5.159111e-01 -5.961928e-01 2.709452e+00 -3.201657e-01 3.238232e-01 -1.239153e-01 -7.804319e-02 2.856688e-01 7.871332e-03 7.146329e-02 1.241839e-01 4.183141e-02 2.321531e-01 -3.068112e-03 -1.515307e-01 -4.401248e-01
<VARIANCE> 25
 5.119366e+01 7.365465e+01 1.422928e+01 2.012151e+01 4.043409e+01 1.648403e+01 2.095233e+01 4.172570e+01 3.292525e+01 4.705890e+01 1.733813e+01 2.740871e+01 1.523674e+00 7.758582e+00 2.214559e+00 2.773855e+00 2.867381e+00 1.709432e+00 1.454287e+00 3.711430e+00 3.609878e+00 2.802665e+00 1.885844e+00 1.506991e+00 3.486024e+00
<GCONST> 9.879208e+01
<TRANSP> 5
 0.000000e+00 1.000000e+00 0.000000e+00 0.000000e+00 0.000000e+00
 0.000000e+00 7.285000e-01 2.715000e-01 0.000000e+00 0.000000e+00
 0.000000e+00 0.000000e+00 9.209565e-01 7.904356e-02 0.000000e+00
 0.000000e+00 0.000000e+00 0.000000e+00 9.724697e-01 2.753028e-02
 0.000000e+00 0.000000e+00 0.000000e+00 0.000000e+00 0.000000e+00
<ENDHMM>
~h "saha"
<BEGINHMM>
<NUMSTATES> 5
<STATE> 2
<MEAN> 25
 -4.438070e+00 -9.496598e+00 8.293479e+00 5.858787e+00 -7.247955e+00 4.527771e+00 5.656150e+00 -4.524861e+00 -9.464947e-01 1.042372e+00 1.902248e+00 9.637086e-01 -1.582898e-02 -2.632714e+00 1.673574e+00 9.783082e-01 -1.333520e+00 1.070282e+00 3.325284e-01 -6.554186e-01 8.755373e-01 -6.530239e-02 -2.888503e-02 4.638926e-01 1.491846e+00
<VARIANCE> 25
 7.169958e+00 7.973485e+01 4.530874e+01 3.164933e+01 3.244519e+01 2.375532e+01 1.543035e+01 3.885948e+01 1.484594e+01 2.833660e+01 1.006465e+01 2.163531e+01 3.512598e-01 2.516932e+00 1.301681e+00 1.546487e+00 3.527771e+00 1.784492e+00 3.238973e+00 1.509602e+00 1.005832e+00 2.193020e+00 7.481864e-01 1.951881e+00 6.328748e-01
<GCONST> 8.874828e+01
<STATE> 3
<MEAN> 25
 5.442130e+00 -1.773082e+01 4.729806e+00 5.038504e+00 -9.018291e+00 -1.424383e+00 -3.437803e+00 -5.045811e+00 -5.095824e-01 -5.512181e+00 1.905033e+00 5.117142e+00 1.897357e+00 1.140860e+00 -1.582977e+00 -9.822660e-01 2.343727e-01 -1.288901e+00 -7.861568e-01 4.264259e-01 -1.532446e-01 -3.636212e-01 -1.586410e-01 1.935572e-01 1.184286e+00
<VARIANCE> 25
 9.757532e+01 7.923271e+01 7.588946e+01 2.980703e+01 4.256646e+01 8.072935e+01 3.610478e+01 3.729117e+01 4.343800e+01 3.763341e+01 1.904367e+01 2.019965e+01 4.479175e+00 6.329779e+00 3.461861e+00 1.507182e+00 4.049376e+00 6.844904e+00 2.197762e+00 2.926073e+00 6.446542e+00 4.498333e+00 2.787186e+00 1.634342e+00 1.561736e+00
<GCONST> 1.068322e+02
<STATE> 4
<MEAN> 25
 1.195540e+01 -1.865836e+00 -1.166671e-01 -1.678204e+00 -6.896428e+00 -1.374453e+00 1.376430e+00 1.354522e+00 7.249444e+00 2.941700e+00 -3.048280e+00 2.994823e-01 -3.803676e-01 2.169795e-01 1.795584e-01 7.992264e-02 1.264457e-01 1.994682e-01 2.144402e-01 1.065357e-01 5.378917e-02 2.039075e-01 3.888763e-02 -1.607686e-01 -4.984833e-01
<VARIANCE> 25
 4.815085e+01 3.442672e+01 5.272285e+01 4.928002e+01 6.662258e+01 3.178701e+01 2.458936e+01 4.804774e+01 2.661580e+01 3.824740e+01 2.098961e+01 1.626425e+01 9.062379e-01 2.139841e+00 1.755479e+00 1.274630e+00 1.883546e+00 1.959558e+00 1.610016e+00 1.473669e+00 1.983717e+00 1.777532e+00 1.126754e+00 1.373884e+00 8.851079e-01
<GCONST> 9.392655e+01
<TRANSP> 5
 0.000000e+00 1.000000e+00 0.000000e+00 0.000000e+00 0.000000e+00
 0.000000e+00 8.863159e-01 1.136841e-01 0.000000e+00 0.000000e+00
 0.000000e+00 0.000000e+00 9.133721e-01 8.662796e-02 0.000000e+00
 0.000000e+00 0.000000e+00 0.000000e+00 9.776888e-01 2.231116e-02
 0.000000e+00 0.000000e+00 0.000000e+00 0.000000e+00 0.000000e+00
<ENDHMM>
~h "char"
<BEGINHMM>
<NUMSTATES> 5
<STATE> 2
<MEAN> 25
 -4.137972e+00 4.239759e+00 6.299492e-01 1.162256e-02 1.562189e+00 2.281782e-01 2.439384e+00 2.776544e+00 6.665819e-01 1.974079e+00 -4.254400e-01 -1.307003e+00 9.786417e-01 -3.448471e+00 -2.263380e-02 9.029140e-01 -2.369982e+00 -1.294870e+00 -2.691343e-01 2.299949e-02 4.840727e-02 -2.038088e+00 -1.472820e+00 -3.203717e-01 1.985460e+00
<VARIANCE> 25
 1.061066e+00 4.270322e-01 1.486035e+00 1.731987e+00 5.100444e+00 5.382483e+00 4.745839e+00 5.799649e+00 2.265542e+00 1.870049e+00 3.138933e+00 6.833643e+00 3.951693e-01 4.729109e-01 4.032195e-01 5.078394e-01 1.102059e+00 8.475954e-01 1.794305e-01 1.898889e+00 5.127124e+00 3.059574e+00 4.937438e-01 5.558630e-01 6.583197e-01
<GCONST> 5.387151e+01
<STATE> 3
<MEAN> 25
 -2.623738e+00 3.320495e+00 -1.768934e-01 6.328875e-01 1.369279e+00 5.336081e-01 2.220432e+00 -3.474637e-01 -3.087981e+00 -9.851156e-01 -2.007669e+00 -3.343135e+00 4.088767e-01 -7.119737e+00 1.467414e+00 2.023752e+00 -3.879053e+00 -1.497944e+00 -9.906361e-01 -2.674779e-01 9.327359e-01 -2.883905e+00 -1.170208e+00 7.134708e-01 3.494119e+00
<VARIANCE> 25
 7.225914e-01 3.746967e+00 1.557697e+00 1.372772e+00 3.915583e-01 6.182005e+00 3.588354e+00 4.705340e+00 2.185934e+00 1.041930e+01 1.566291e+01 7.894247e+00 6.577623e-01 1.663329e+00 6.308692e-01 1.816720e+00 2.581243e+00 1.303132e+00 5.258276e-01 1.776053e+00 4.430605e+00 3.449106e+00 8.889663e-01 8.000755e-01 6.351466e-01
<GCONST> 6.265950e+01
<STATE> 4
<MEAN> 25
 1.228361e+01 -1.070089e+01 -1.391297e+00 1.383429e+00 -7.579470e+00 -3.751809e+00 -3.493927e+00 -3.327561e+00 2.062870e+00 -3.173373e+00 -5.910364e-01 5.012994e+00 2.350132e-01 2.863894e-01 -6.609045e-04 -9.004901e-02 4.847454e-02 7.249276e-02 5.305801e-02 1.191870e-02 6.313869e-02 1.173011e-01 1.105239e-01 5.119560e-02 7.203424e-02
<VARIANCE> 25
 5.417331e+01 6.814330e+01 4.508247e+01 5.255542e+01 4.299733e+01 2.048109e+01 3.274452e+01 5.876596e+01 6.215286e+01 5.050310e+01 2.311801e+01 3.126550e+01 2.972385e+00 7.003598e+00 3.611828e+00 3.999643e+00 4.994715e+00 2.230471e+00 2.184796e+00 4.088517e+00 4.903822e+00 3.143833e+00 1.775731e+00 2.466153e+00 2.996028e+00
<GCONST> 1.065249e+02
<TRANSP> 5
 0.000000e+00 1.000000e+00 0.000000e+00 0.000000e+00 0.000000e+00
 0.000000e+00 0.000000e+00 1.000000e+00 0.000000e+00 0.000000e+00
 0.000000e+00 0.000000e+00 0.000000e+00 1.000000e+00 0.000000e+00
 0.000000e+00 0.000000e+00 0.000000e+00 9.732136e-01 2.678641e-02
 0.000000e+00 0.000000e+00 0.000000e+00 0.000000e+00 0.000000e+00
<ENDHMM>
~h "teen"
<BEGINHMM>
<NUMSTATES> 5
<STATE> 2
<MEAN> 25
 -2.554082e+00 -2.315214e-01 -2.670387e+00 -3.874713e+00 -3.811640e+00 -1.970452e+00 -6.313034e-01 5.560979e-01 1.646335e-01 2.845328e+00 2.690785e+00 3.189090e-01 1.491271e+00 -4.394581e+00 1.954900e+00 2.198448e+00 -2.596548e+00 -7.138930e-01 -1.464376e+00 -1.801571e+00 1.141424e+00 3.148103e-01 -6.400903e-01 -7.084703e-01 3.153821e+00
<VARIANCE> 25
 3.334157e+00 1.164104e+01 6.311718e+00 3.590735e+00 3.190946e+01 7.198649e+00 7.336218e+00 1.154241e+01 3.874008e+00 8.084416e+00 2.051712e+01 8.233102e+00 1.116958e+00 2.365125e+00 1.921528e+00 3.971747e+00 4.464614e+00 4.662693e-01 7.779316e-01 1.536963e+00 2.953697e-01 2.011163e+00 1.681980e+00 7.082137e-01 2.850103e+00
<GCONST> 7.579292e+01
<STATE> 3
<MEAN> 25
 6.138681e+00 -1.628180e+01 7.431769e+00 1.498184e+01 -1.989696e+00 -3.874257e+00 -8.238568e+00 -7.799630e+00 1.290245e+00 -1.351983e+00 -7.987233e-01 -1.638915e+00 2.743915e+00 -1.589229e+00 2.060861e+00 5.410942e+00 3.476299e+00 -8.455562e-01 -3.450507e+00 -1.886011e+00 -9.517403e-01 -2.423532e+00 -6.072500e-01 6.216906e-01 3.613250e+00
<VARIANCE> 25
 2.071612e+01 1.167135e+01 2.170822e+01 7.848164e+01 1.141644e+02 1.317354e+01 7.222063e+01 2.807729e+01 2.101525e+01 3.064850e+01 1.734842e+01 1.575014e+01 4.731415e-01 6.869220e+00 3.118326e+00 2.919945e+00 5.640351e+00 2.682585e+00 6.861289e+00 4.340483e+00 2.034458e+00 2.056950e+00 2.237658e+00 2.189665e+00 2.078074e+00
<GCONST> 9.913448e+01
<STATE> 4
<MEAN> 25
 1.001802e+01 -3.807587e+00 7.856953e+00 1.331246e+01 4.677012e+00 -2.206891e+00 -9.326240e+00 -6.568611e+00 1.105863e+00 -3.605403e+00 -3.515452e+00 -8.441541e-02 -1.856480e-01 4.231601e-01 -1.641337e-01 -5.248349e-01 -1.403878e-01 2.242950e-01 4.426593e-01 2.345025e-01 7.679015e-02 1.945293e-01 1.971813e-02 -9.279614e-02 -3.930102e-01
<VARIANCE> 25
 2.261391e+01 7.066840e+01 1.838998e+01 6.041504e+01 1.544109e+01 7.710659e+01 1.021815e+02 3.785290e+01 3.011985e+01 2.220802e+01 2.692689e+01 2.107875e+01 9.720167e-01 1.060186e+00 1.233211e+00 1.422600e+00 1.061659e+00 4.039836e+00 1.718751e+00 1.864900e+00 1.459052e+00 1.677869e+00 1.536325e+00 1.721199e+00 7.980193e-01
<GCONST> 9.338135e+01
<TRANSP> 5
 0.000000e+00 1.000000e+00 0.000000e+00 0.000000e+00 0.000000e+00
 0.000000e+00 5.726275e-01 4.273725e-01 0.000000e+00 0.000000e+00
 0.000000e+00 0.000000e+00 7.500027e-01 2.499974e-01 0.000000e+00
 0.000000e+00 0.000000e+00 0.000000e+00 9.746740e-01 2.532600e-02
 0.000000e+00 0.000000e+00 0.000000e+00 0.000000e+00 0.000000e+00
<ENDHMM>
~h "don"
<BEGINHMM>
<NUMSTATES> 5
<STATE> 2
<MEAN> 25
 1.619356e+00 5.319593e+00 4.484097e+00 4.352023e+00 2.670277e+00 3.227742e+00 4.096534e+00 -2.046729e+00 -3.295755e+00 6.807972e-01 -1.179563e+00 -3.074620e+00 1.578659e+00 1.144237e+00 1.580528e+00 1.550930e+00 1.189729e+00 7.700468e-01 -1.629570e-01 -5.508968e-01 -4.385415e-02 -4.532498e-01 -5.600894e-01 -4.673068e-01 1.001183e+00
<VARIANCE> 25
 1.763061e+01 1.382977e+01 2.097312e+01 1.575929e+01 1.097141e+01 1.025816e+01 6.401126e+00 1.057392e+01 1.405117e+01 7.584586e+00 1.263956e+01 1.635839e+01 9.658480e-01 1.211355e+00 1.032363e+00 1.505479e+00 2.211938e+00 1.477559e+00 1.440015e+00 2.076447e+00 8.008713e-01 4.316861e-01 2.444869e+00 2.550589e+00 4.413192e-01
<GCONST> 7.901043e+01
<STATE> 3
<MEAN> 25
 1.079004e+01 -3.156132e-01 6.538558e+00 1.030130e+01 2.812905e+00 -1.994421e+00 -1.077618e+00 7.093688e-01 -1.450044e+00 -6.268226e+00 -2.885086e+00 3.412870e-01 1.204707e+00 -2.217233e+00 -5.187945e-01 -6.387517e-01 -1.932880e+00 -1.950815e+00 -1.431983e+00 9.701215e-01 8.776342e-01 -2.322920e+00 -1.371710e+00 1.162093e+00 2.519904e+00
<VARIANCE> 25
 1.140626e+01 5.892213e+01 7.413652e+00 1.786296e+01 4.275792e+01 6.547687e+01 2.639246e+01 4.293010e+01 1.228351e+01 8.472536e+01 2.704427e+01 1.442678e+01 8.291568e-01 5.828174e+00 1.093552e+00 6.239222e+00 2.270037e+00 5.598177e+00 6.154999e+00 4.556003e+00 2.747450e+00 7.506600e+00 3.944716e+00 9.637936e-01 2.413656e+00
<GCONST> 9.984219e+01
<STATE> 4
<MEAN> 25
 1.317949e+01 -3.510979e+00 5.181127e+00 4.354301e+00 -2.872608e+00 -4.659543e+00 -1.202590e+01 -2.471082e+00 1.025161e+01 -5.798417e+00 -1.071229e+01 7.735931e-01 -2.732151e-01 3.443161e-01 -1.226204e-02 1.485455e-01 4.459895e-01 3.699008e-01 1.520366e-01 -2.866881e-01 -1.088619e-01 6.413125e-01 3.981132e-01 -2.225293e-01 -5.663944e-01
<VARIANCE> 25
 9.738667e+00 1.775197e+01 1.984868e+01 2.265158e+01 1.237520e+02 1.079996e+02 3.534149e+01 6.401637e+01 5.715898e+01 4.331155e+01 3.693090e+01 1.971996e+01 3.989752e-01 6.119361e-01 1.393325e+00 1.703667e+00 4.795734e+00 3.939575e+00 2.973336e+00 3.714385e+00 5.196975e+00 3.015669e+00 2.214452e+00 1.865802e+00 3.741861e-01
<GCONST> 9.682021e+01
<TRANSP> 5
 0.000000e+00 1.000000e+00 0.000000e+00 0.000000e+00 0.000000e+00
 0.000000e+00 8.499165e-01 1.500836e-01 0.000000e+00 0.000000e+00
 0.000000e+00 0.000000e+00 8.571357e-01 1.428643e-01 0.000000e+00
 0.000000e+00 0.000000e+00 0.000000e+00 9.620249e-01 3.797515e-02
 0.000000e+00 0.000000e+00 0.000000e+00 0.000000e+00 0.000000e+00
<ENDHMM>
~h "nau"
<BEGINHMM>
<NUMSTATES> 5
<STATE> 2
<MEAN> 25
 -3.675105e+00 -2.167311e+00 -1.857881e+00 -6.970978e-01 -1.027610e+00 6.450995e-01 2.870708e+00 6.629492e-01 -1.443471e+00 -4.007378e-01 3.098097e-01 5.689552e-01 -3.763517e-02 2.446101e-02 1.104034e-02 -3.999356e-03 1.974799e-02 5.843989e-03 -1.743020e-02 1.637846e-02 1.779768e-02 8.501369e-03 2.016489e-02 -1.177514e-02 -4.074191e-02
<VARIANCE> 25
 2.499475e+00 5.755744e+00 2.985446e+00 5.740552e+00 6.888838e+00 1.084180e+01 1.137886e+01 9.301883e+00 9.989756e+00 1.529859e+01 8.890330e+00 7.151160e+00 9.602628e-02 4.742720e-01 3.035593e-01 4.965164e-01 8.543170e-01 1.392114e+00 1.422119e+00 1.070361e+00 1.226751e+00 1.471427e+00 9.909754e-01 8.592482e-01 6.330924e-02
<GCONST> 6.289357e+01
<STATE> 3
<MEAN> 25
 -4.870679e+00 9.019074e-01 -2.160943e+00 -1.563826e+00 -2.879920e-01 -6.176227e-01 1.601662e+00 9.248080e-01 8.640513e-01 4.825813e+00 2.328579e+00 -1.463204e+00 1.492549e-01 2.155992e-01 7.083666e-02 1.078738e-01 7.756405e-02 -2.422395e-01 -6.714709e-02 7.546928e-02 1.097374e-01 2.377493e-01 1.204565e-02 -1.753237e-01 4.390002e-02
<VARIANCE> 25
 8.421243e-01 1.268815e+00 2.532109e+00 3.688090e+00 3.380536e+00 1.094556e+01 3.968306e+00 1.501780e+01 7.703872e+00 6.218998e+00 7.850363e+00 4.842587e+00 2.984026e-01 3.018725e-01 4.876793e-01 5.416787e-01 5.628222e-01 7.178804e-01 6.844985e-01 1.336272e+00 6.237029e-01 7.912015e-01 1.208981e+00 7.954711e-01 1.229745e-01
<GCONST> 5.587844e+01
<STATE> 4
<MEAN> 25
 1.309932e+01 3.000600e-01 3.799611e+00 5.695086e+00 8.427310e-02 -5.169493e+00 -8.696473e+00 -2.456670e+00 3.805303e+00 -2.700655e+00 -3.018293e+00 1.098939e+00 2.064516e-01 2.330127e-02 1.524083e-01 8.982246e-02 -6.416957e-02 2.857751e-02 -3.299778e-02 -1.461598e-01 -5.698618e-02 -8.078860e-02 -8.773619e-02 4.549768e-02 1.752212e-01
<VARIANCE> 25
 4.057142e+01 4.673497e+01 2.504780e+01 4.078746e+01 8.262428e+01 1.169718e+02 6.389394e+01 6.849908e+01 4.543672e+01 4.730155e+01 1.347977e+01 3.449197e+01 1.888705e+00 1.999804e+00 1.371481e+00 3.785175e+00 4.160379e+00 5.360455e+00 3.546714e+00 4.765026e+00 2.412440e+00 3.524966e+00 1.883862e+00 2.511643e+00 1.983575e+00
<GCONST> 1.050863e+02
<TRANSP> 5
 0.000000e+00 1.000000e+00 0.000000e+00 0.000000e+00 0.000000e+00
 0.000000e+00 9.832852e-01 1.671479e-02 0.000000e+00 0.000000e+00
 0.000000e+00 0.000000e+00 9.095466e-01 9.045347e-02 0.000000e+00
 0.000000e+00 0.000000e+00 0.000000e+00 9.761145e-01 2.388554e-02
 0.000000e+00 0.000000e+00 0.000000e+00 0.000000e+00 0.000000e+00
<ENDHMM>
~h "sil"
<BEGINHMM>
<NUMSTATES> 5
<STATE> 2
<MEAN> 25
 9.772395e-01 9.373681e+00 1.840464e+00 -5.033521e+00 8.577787e+00 -5.419319e-01 -5.686849e-01 6.678508e+00 -7.524458e-01 1.026444e+00 4.869435e+00 -2.867990e+00 -9.853797e-01 -2.428460e-01 -2.836195e-01 -1.162181e-01 -1.731406e-01 2.779107e-02 6.195577e-03 3.617641e-02 -1.363347e-01 1.158620e-01 2.474890e-02 1.377467e-02 1.177881e+00
<VARIANCE> 25
 4.689130e+00 2.343694e+01 7.013938e+00 1.733077e+01 2.905334e+01 4.808719e+00 9.921519e+00 2.190022e+01 3.551698e+00 4.474412e+00 9.567350e+00 4.243163e+00 2.958653e+00 4.307909e-01 4.851388e-01 2.414905e-01 3.740321e-01 3.738665e-01 3.874715e-01 3.102989e-01 3.877875e-01 3.443621e-01 3.959269e-01 3.832448e-01 6.869027e+00
<GCONST> 6.427791e+01
<STATE> 3
~s "silst"
<STATE> 4
<MEAN> 25
 -1.987958e+00 8.529267e-01 -6.745089e-01 -5.671626e-01 9.330276e-02 8.680353e-01 1.617796e+00 1.767454e-01 -5.314095e-01 4.372335e-01 -1.034070e-01 -1.970293e-01 -6.166441e-02 2.705831e-02 -3.441415e-02 -4.228919e-02 2.076414e-02 -9.384053e-03 -6.337062e-03 2.422017e-02 -1.698331e-02 5.060696e-03 1.043725e-02 -1.397262e-02 -6.001385e-02
<VARIANCE> 25
 5.050140e+00 4.636291e+00 5.598841e+00 7.443182e+00 9.120346e+00 9.135892e+00 1.012252e+01 1.071572e+01 1.062091e+01 9.702268e+00 8.575351e+00 7.672811e+00 1.194014e-01 2.518407e-01 3.446215e-01 4.888151e-01 6.206619e-01 7.591477e-01 8.926359e-01 9.289959e-01 9.707047e-01 9.338466e-01 9.175560e-01 8.266270e-01 6.173598e-02
<GCONST> 6.137650e+01
<TRANSP> 5
 0.000000e+00 1.000000e+00 0.000000e+00 0.000000e+00 0.000000e+00
 0.000000e+00 6.681049e-01 2.463874e-01 8.550775e-02 0.000000e+00
 0.000000e+00 0.000000e+00 9.265593e-01 7.344069e-02 0.000000e+00
 0.000000e+00 8.656574e-03 0.000000e+00 9.734304e-01 1.791303e-02
 0.000000e+00 0.000000e+00 0.000000e+00 0.000000e+00 0.000000e+00
<ENDHMM>
~h "shunya"
<BEGINHMM>
<NUMSTATES> 5
<STATE> 2
<MEAN> 25
 -2.229647e+00 -6.228210e+00 -9.435375e-01 4.000988e+00 1.939499e+00 -8.516361e-01 -2.043423e+00 1.500087e+00 7.225563e+00 2.070578e+00 -3.582870e+00 -3.295828e+00 1.591925e-01 -3.086544e+00 1.114104e+00 1.817128e+00 -2.746887e-01 4.945542e-01 -1.069539e+00 -1.111830e+00 1.563046e+00 -2.395719e-01 -9.674690e-01 1.417098e-01 1.498939e+00
<VARIANCE> 25
 1.027557e+01 4.285324e+01 2.423120e+01 2.741730e+01 2.917957e+01 2.093476e+01 3.658251e+01 4.301645e+01 1.501360e+01 1.828508e+01 1.590752e+01 1.196102e+01 1.651964e-01 2.943310e+00 4.035935e+00 3.009625e+00 7.779080e-01 5.478000e+00 3.590527e+00 5.831792e+00 1.930964e+00 2.472043e+00 2.545054e+00 1.569000e+00 7.556693e-01
<GCONST> 9.210749e+01
<STATE> 3
<MEAN> 25
 1.333132e+00 -2.476615e+01 6.297219e+00 9.347581e+00 -2.379984e+00 7.034588e+00 -7.868007e+00 -8.369599e+00 1.129304e+01 1.644225e+00 -1.198441e+00 2.252942e+00 1.313980e+00 5.702682e-01 -7.767838e-02 8.278354e-02 4.901835e-01 5.084153e-02 -3.963037e-01 -6.607789e-01 -1.188497e+00 -1.034909e+00 4.511764e-02 7.409409e-01 9.680431e-01
<VARIANCE> 25
 3.286863e+01 5.098195e+01 6.592968e+00 2.564373e+01 2.279696e+01 2.756716e+01 2.194064e+01 2.913078e+01 3.229374e+01 2.741484e+01 2.349526e+01 1.381207e+01 3.189135e+00 1.333561e+01 1.073588e+00 2.125562e+00 5.134796e+00 1.743266e+00 1.606385e+00 1.131687e+00 4.253858e+00 3.619142e+00 2.351989e+00 7.878727e-01 1.469375e+00
<GCONST> 9.507339e+01
<STATE> 4
<MEAN> 25
 1.428174e+01 -4.234874e+00 2.592043e+00 8.463696e+00 5.282750e+00 6.912808e-01 -1.091344e+01 -9.107040e+00 1.787530e+00 -4.573687e+00 -4.343779e+00 4.509458e+00 -2.078731e-01 3.574151e-01 -9.265252e-02 -2.508464e-01 -1.595284e-01 -1.078204e-01 2.735777e-01 2.569923e-01 7.385533e-02 3.020580e-01 9.700911e-02 -2.379470e-01 -3.744999e-01
<VARIANCE> 25
 1.553808e+01 3.708872e+01 3.533977e+01 3.644156e+01 4.101686e+01 8.927982e+01 7.305653e+01 9.150897e+01 3.748223e+01 3.916236e+01 3.086766e+01 5.606239e+01 1.244551e+00 2.208278e+00 1.758450e+00 1.963161e+00 2.056113e+00 3.606183e+00 1.703467e+00 2.661003e+00 2.556165e+00 2.346736e+00 2.215467e+00 3.472748e+00 1.335304e+00
<GCONST> 1.011114e+02
<TRANSP> 5
 0.000000e+00 1.000000e+00 0.000000e+00 0.000000e+00 0.000000e+00
 0.000000e+00 8.327770e-01 1.672230e-01 0.000000e+00 0.000000e+00
 0.000000e+00 0.000000e+00 9.104294e-01 8.957068e-02 0.000000e+00
 0.000000e+00 0.000000e+00 0.000000e+00 9.727447e-01 2.725528e-02
 0.000000e+00 0.000000e+00 0.000000e+00 0.000000e+00 0.000000e+00
<ENDHMM>
~h "pach"
<BEGINHMM>
<NUMSTATES> 5
<STATE> 2
<MEAN> 25
 -2.786726e+00 2.036491e+00 -1.001867e+00 4.270845e-02 2.422337e+00 8.945355e-01 6.100303e-01 5.308338e-01 -9.250645e-01 8.748581e-02 -2.409040e-01 -6.056356e-01 -4.707054e-02 2.940458e-02 -5.811223e-03 -3.774743e-03 3.337200e-02 6.234643e-03 -5.752904e-03 8.721275e-03 -1.455211e-02 -6.601422e-03 4.722557e-02 1.275843e-02 -4.569206e-02
<VARIANCE> 25
 1.197375e+00 4.091359e+00 2.454588e+00 3.316961e+00 5.519524e+00 7.458738e+00 6.033811e+00 6.513354e+00 6.874547e+00 5.715819e+00 8.298197e+00 5.424096e+00 7.227810e-02 2.584804e-01 2.577902e-01 3.625219e-01 6.685165e-01 8.270841e-01 6.960198e-01 6.963402e-01 8.353056e-01 7.389624e-01 9.399350e-01 6.957989e-01 2.831175e-02
<GCONST> 5.236094e+01
<STATE> 3
<MEAN> 25
 -3.893462e+00 4.810304e-01 -1.268222e+00 1.065780e+00 2.713901e+00 -1.071169e+00 -7.013018e-01 1.332518e+00 -3.697560e-01 3.382506e-02 1.171685e+00 -1.054920e+00 1.074269e-01 3.965746e-02 -2.509486e-02 -1.124179e-01 -1.703192e-01 -2.296219e-01 -1.813548e-01 -7.758361e-02 -5.970420e-02 -9.816518e-02 2.355728e-02 -1.343374e-02 5.155173e-02
<VARIANCE> 25
 1.722136e+00 3.754007e+01 7.747196e+00 2.861821e+01 2.583226e+01 1.047344e+01 1.697510e+01 7.790180e+00 1.334624e+01 7.885828e+00 1.893194e+01 1.004437e+01 3.974176e-01 4.687112e+00 1.464667e+00 3.475112e+00 3.798131e+00 1.505257e+00 2.655837e+00 8.019013e-01 1.939463e+00 8.341796e-01 3.404802e+00 1.893668e+00 4.122106e-01
<GCONST> 8.211388e+01
<STATE> 4
<MEAN> 25
 8.336368e+00 -7.165691e+00 1.888292e+00 9.028605e-01 -8.992186e+00 -2.591759e+00 -7.362042e-01 -2.701216e+00 3.477330e+00 6.299364e-01 -7.682694e-01 2.086666e+00 8.376572e-02 -1.046001e-01 9.154585e-02 1.177164e-01 -4.180955e-02 6.834739e-02 9.706803e-02 -2.430107e-02 5.900406e-02 4.401438e-02 -2.983830e-02 2.446790e-02 1.165335e-01
<VARIANCE> 25
 6.924742e+01 9.858887e+01 3.821131e+01 3.085245e+01 5.397056e+01 4.343478e+01 2.309921e+01 3.176089e+01 3.945638e+01 3.462108e+01 2.131629e+01 2.038811e+01 3.108562e+00 6.047433e+00 1.911079e+00 1.986830e+00 3.946672e+00 3.086452e+00 1.974461e+00 2.698499e+00 3.207497e+00 3.001892e+00 2.006805e+00 1.948599e+00 3.815200e+00
<GCONST> 1.029080e+02
<TRANSP> 5
 0.000000e+00 1.000000e+00 0.000000e+00 0.000000e+00 0.000000e+00
 0.000000e+00 9.833499e-01 1.665012e-02 0.000000e+00 0.000000e+00
 0.000000e+00 0.000000e+00 9.146426e-01 8.535744e-02 0.000000e+00
 0.000000e+00 0.000000e+00 0.000000e+00 9.810084e-01 1.899166e-02
 0.000000e+00 0.000000e+00 0.000000e+00 0.000000e+00 0.000000e+00
<ENDHMM>
~h "aath"
<BEGINHMM>
<NUMSTATES> 5
<STATE> 2
<MEAN> 25
 6.246394e+00 -5.929592e-01 -3.090552e+00 -6.677709e+00 -9.234323e+00 -2.492359e+00 1.581223e+00 3.553929e+00 7.355018e+00 2.015225e+00 -4.821499e+00 -2.315272e+00 3.695170e+00 -1.594922e+00 -1.053515e+00 -5.907715e-01 -2.331151e+00 -1.892824e+00 -6.618102e-01 1.164969e+00 1.855653e+00 -4.509281e-01 -1.305907e+00 -3.359497e-03 3.588057e+00
<VARIANCE> 25
 6.227152e+01 1.386315e+01 1.656083e+01 1.004672e+01 6.857684e+01 4.414216e+01 2.189460e+01 5.541087e+01 1.801917e+01 1.454784e+01 3.212778e+01 1.303358e+01 2.156404e+00 2.803944e+00 1.635250e+00 2.608076e+00 2.741128e+00 3.775115e+00 2.159241e+00 5.472900e+00 1.804854e+00 1.328081e+00 1.667081e+00 3.046975e+00 2.624343e+00
<GCONST> 9.606499e+01
<STATE> 3
<MEAN> 25
 1.912374e+01 -1.050920e+01 -5.069743e+00 -4.361715e+00 -1.440881e+01 -1.055399e+01 -2.343736e+00 5.549549e+00 1.204842e+01 4.538503e-02 -4.751308e+00 1.084619e+00 9.556957e-03 -1.245688e-01 -1.257505e-01 1.292366e-01 9.312969e-01 2.223453e-01 -1.598042e-02 -8.416680e-01 -8.756349e-01 -3.747957e-02 7.129369e-01 4.550003e-01 6.405115e-01
<VARIANCE> 25
 1.619766e+01 1.460395e+01 3.964324e+01 1.117682e+01 6.295613e+01 2.173856e+01 1.417144e+01 5.616975e+01 2.723996e+01 2.407674e+01 2.658970e+01 1.220703e+01 1.577625e+00 2.419332e+00 1.373448e+00 2.021641e+00 3.423480e+00 2.334062e+00 1.498620e+00 2.806347e+00 4.166175e+00 1.546690e+00 1.372168e+00 8.831540e-01 1.310394e+00
<GCONST> 9.187737e+01
<STATE> 4
<MEAN> 25
 8.970580e+00 -1.326919e+00 1.639575e+00 2.529985e+00 -1.069782e+00 1.588983e+00 6.575830e-01 -3.481749e+00 -6.080141e-01 -5.360031e-02 2.661556e+00 4.083292e+00 -4.819892e-01 3.117697e-01 3.873914e-01 2.552218e-01 7.810560e-02 3.083452e-01 1.196210e-01 5.125540e-02 5.013695e-02 1.210330e-01 -1.036164e-01 -1.758705e-01 -7.425271e-01
<VARIANCE> 25
 2.938442e+01 5.445994e+01 3.253386e+01 4.656618e+01 3.660081e+01 3.065158e+01 2.192548e+01 3.530438e+01 3.256575e+01 2.440057e+01 2.040516e+01 2.347499e+01 1.825167e+00 7.077048e+00 1.411773e+00 2.632944e+00 3.704185e+00 4.554104e+00 3.526569e+00 5.242753e+00 4.752205e+00 3.465637e+00 2.090428e+00 2.378197e+00 2.669950e+00
<GCONST> 1.021734e+02
<TRANSP> 5
 0.000000e+00 1.000000e+00 0.000000e+00 0.000000e+00 0.000000e+00
 0.000000e+00 8.141045e-01 1.858955e-01 0.000000e+00 0.000000e+00
 0.000000e+00 0.000000e+00 9.232077e-01 7.679224e-02 0.000000e+00
 0.000000e+00 0.000000e+00 0.000000e+00 9.679037e-01 3.209626e-02
 0.000000e+00 0.000000e+00 0.000000e+00 0.000000e+00 0.000000e+00
<ENDHMM>
