~o
<STREAMINFO> 1 14
<VECSIZE> 14<NULLD><USER><DIAGC>
~h "l1_i"
<BEGINHMM>
<NUMSTATES> 5
<STATE> 2
<MEAN> 14
 -3.778859e+03 -7.503184e+02 -5.832993e+01 -5.973845e+01 6.384469e+01 -2.903552e+02 -6.087586e+02 -1.231590e+02 9.809276e+02 -1.214612e+02 1.035331e+01 4.786774e+01 -1.423674e+00 1.558025e+00
<VARIANCE> 14
 3.218521e+08 3.458365e+08 3.550883e+08 3.600499e+08 3.563584e+08 3.646941e+08 3.506989e+08 3.601579e+08 3.640245e+08 3.560453e+08 1.287904e+02 3.749032e+01 5.015749e-01 1.484108e+00
<GCONST> 2.307449e+02
<STATE> 3
<MEAN> 14
 -3.779340e+03 -3.457578e+02 -1.527289e+02 -1.102890e+02 -2.172113e+01 -1.765526e+02 -7.923185e+02 1.214277e+02 1.066798e+03 2.035701e+02 6.440275e+00 4.846211e+01 -1.415311e+00 1.597026e+00
<VARIANCE> 14
 3.173855e+08 3.644955e+08 3.649186e+08 3.523864e+08 3.590421e+08 3.540078e+08 3.583083e+08 3.566382e+08 3.760353e+08 3.657730e+08 6.947924e+01 4.232130e+01 5.169525e-01 1.468881e+00
<GCONST> 2.303620e+02
<STATE> 4
<MEAN> 14
 -6.782152e+02 4.250301e+02 -9.325814e+01 2.062511e+02 -3.477164e+02 1.117169e+02 7.929543e+01 -9.973039e+01 -7.796265e+01 4.684447e+01 2.402016e+00 5.115743e+01 -1.446070e+00 1.739695e+00
<VARIANCE> 14
 3.536899e+08 3.576946e+08 3.549291e+08 3.584067e+08 3.499875e+08 3.547000e+08 3.556808e+08 3.578750e+08 3.587387e+08 3.530848e+08 1.046077e+01 5.672250e+01 6.259348e-01 1.971718e+00
<GCONST> 2.292160e+02
<TRANSP> 5
 0.000000e+00 1.000000e+00 0.000000e+00 0.000000e+00 0.000000e+00
 0.000000e+00 9.125342e-01 8.746582e-02 0.000000e+00 0.000000e+00
 0.000000e+00 0.000000e+00 8.455401e-01 1.544599e-01 0.000000e+00
 0.000000e+00 0.000000e+00 0.000000e+00 9.901024e-01 9.897641e-03
 0.000000e+00 0.000000e+00 0.000000e+00 0.000000e+00 0.000000e+00
<ENDHMM>
~h "l1_u"
<BEGINHMM>
<NUMSTATES> 5
<STATE> 2
<MEAN> 14
 -3.062400e+03 9.356303e+02 8.574766e+02 3.200113e+02 9.626117e+01 -4.753687e+02 -7.471913e+02 -7.162009e+02 6.336786e+02 2.434333e+02 1.006391e+01 4.780515e+01 -1.403771e+00 1.563251e+00
<VARIANCE> 14
 3.202717e+08 3.620473e+08 3.713100e+08 3.664591e+08 3.789391e+08 3.420729e+08 3.437283e+08 3.521824e+08 3.587685e+08 3.383701e+08 1.318790e+02 4.217285e+01 4.869421e-01 1.214936e+00
<GCONST> 2.306492e+02
<STATE> 3
<MEAN> 14
 -3.700793e+03 1.023114e+03 -1.766812e+01 -1.227294e+02 7.133949e+02 -2.905995e+02 -1.425072e+03 -1.641560e+03 1.193952e+03 -9.781235e+02 7.541353e+00 4.777348e+01 -1.374414e+00 1.458103e+00
<VARIANCE> 14
 3.008841e+08 3.474265e+08 3.431997e+08 3.486421e+08 3.547154e+08 3.299928e+08 3.545312e+08 3.658689e+08 3.518346e+08 3.321801e+08 6.802201e+01 4.242830e+01 5.336973e-01 1.015216e+00
<GCONST> 2.296021e+02
<STATE> 4
<MEAN> 14
 -8.696709e+02 3.709320e+00 4.125905e+02 -4.224828e+02 2.075455e+02 -3.157175e+02 5.702764e+02 -4.348715e+02 5.108069e+02 -6.207415e+02 6.034446e+00 4.916880e+01 -1.520310e+00 1.555148e+00
<VARIANCE> 14
 3.652110e+08 3.382596e+08 3.647613e+08 3.401518e+08 3.499326e+08 3.534687e+08 3.671631e+08 3.588539e+08 3.549388e+08 3.382039e+08 5.514383e+01 3.442760e+01 1.164241e+00 8.658046e-01
<GCONST> 2.301049e+02
<TRANSP> 5
 0.000000e+00 1.000000e+00 0.000000e+00 0.000000e+00 0.000000e+00
 0.000000e+00 9.346653e-01 6.533469e-02 0.000000e+00 0.000000e+00
 0.000000e+00 0.000000e+00 8.447171e-01 1.552828e-01 0.000000e+00
 0.000000e+00 0.000000e+00 0.000000e+00 9.666634e-01 3.333665e-02
 0.000000e+00 0.000000e+00 0.000000e+00 0.000000e+00 0.000000e+00
<ENDHMM>
~h "l2_i"
<BEGINHMM>
<NUMSTATES> 5
<STATE> 2
<MEAN> 14
 -5.110107e+03 6.557946e+02 1.768989e+02 4.989758e+02 -6.014525e+01 -2.628112e+02 -4.314935e+02 -1.905499e+02 4.310979e+02 9.919236e+02 1.019435e+01 4.857388e+01 -1.543139e+00 1.526993e+00
<VARIANCE> 14
 3.012284e+08 3.653253e+08 3.489659e+08 3.512244e+08 3.737114e+08 3.541419e+08 3.586438e+08 3.678472e+08 3.645969e+08 3.542795e+08 1.542879e+02 4.570849e+01 8.147826e-01 1.032658e+00
<GCONST> 2.312509e+02
<STATE> 3
<MEAN> 14
 -4.462783e+03 6.286038e+02 -2.920672e+02 -2.586533e+02 -6.227527e+02 9.273240e+02 -1.204352e+02 1.127628e+01 -8.595002e+02 6.405623e+02 5.841625e+00 4.824465e+01 -1.548601e+00 1.468852e+00
<VARIANCE> 14
 3.231774e+08 3.526077e+08 3.577677e+08 3.496479e+08 3.615458e+08 3.463056e+08 3.505118e+08 3.483702e+08 3.571013e+08 3.476956e+08 4.955791e+01 4.391115e+01 7.080433e-01 6.689996e-01
<GCONST> 2.293836e+02
<STATE> 4
<MEAN> 14
 -6.066823e+02 1.470731e+02 2.122734e+02 9.166792e+01 -5.721554e+02 5.711937e+02 -5.606335e+02 4.463087e+02 -2.690094e+02 3.400424e+02 5.451926e+00 4.986628e+01 -1.556668e+00 1.746184e+00
<VARIANCE> 14
 3.524978e+08 3.606102e+08 3.516255e+08 3.551960e+08 3.614308e+08 3.472161e+08 3.561506e+08 3.446642e+08 3.424909e+08 3.438723e+08 5.832711e+01 4.813625e+01 7.642870e-01 2.463484e+00
<GCONST> 2.310808e+02
<TRANSP> 5
 0.000000e+00 1.000000e+00 0.000000e+00 0.000000e+00 0.000000e+00
 0.000000e+00 9.375670e-01 6.243303e-02 0.000000e+00 0.000000e+00
 0.000000e+00 0.000000e+00 8.819323e-01 1.180676e-01 0.000000e+00
 0.000000e+00 0.000000e+00 0.000000e+00 9.761299e-01 2.387007e-02
 0.000000e+00 0.000000e+00 0.000000e+00 0.000000e+00 0.000000e+00
<ENDHMM>
~h "l2_u"
<BEGINHMM>
<NUMSTATES> 5
<STATE> 2
<MEAN> 14
 -3.195644e+03 -1.015604e+03 -5.363406e+02 -1.243631e+03 -2.851165e+02 3.235755e+02 1.183954e+03 4.550662e+02 6.683480e+02 1.058604e+03 4.524766e+00 4.781339e+01 -1.339715e+00 2.040281e+00
<VARIANCE> 14
 3.042794e+08 3.429137e+08 3.440212e+08 3.478014e+08 3.713707e+08 3.555926e+08 3.518523e+08 3.594046e+08 3.489878e+08 3.508029e+08 4.115843e+01 3.860453e+01 4.021163e-01 5.956925e+00
<GCONST> 2.306314e+02
<STATE> 3
<MEAN> 14
 -3.256818e+03 -8.904868e+02 -5.111212e+02 -5.669468e+02 -2.027845e+02 3.600633e+02 8.338354e+02 5.984504e+02 4.652669e+02 8.401276e+02 3.933830e+00 4.819216e+01 -1.382544e+00 2.074830e+00
<VARIANCE> 14
 3.220622e+08 3.503845e+08 3.449021e+08 3.601097e+08 3.760699e+08 3.605350e+08 3.523995e+08 3.713534e+08 3.486452e+08 3.449583e+08 2.854236e+01 3.458796e+01 4.751030e-01 5.412056e+00
<GCONST> 2.303849e+02
<STATE> 4
<MEAN> 14
 -9.395796e+02 -4.768955e+02 2.106020e+02 5.886642e+02 -5.773403e+02 -3.126321e+02 -1.834796e+02 -5.734797e+02 -4.978756e+02 2.634408e+02 9.577929e+00 4.887440e+01 -1.511596e+00 1.678989e+00
<VARIANCE> 14
 3.555600e+08 3.627551e+08 3.519884e+08 3.652954e+08 3.825326e+08 3.631506e+08 3.517346e+08 3.590355e+08 3.593013e+08 3.532916e+08 1.358006e+02 3.260931e+01 7.378193e-01 2.072758e+00
<GCONST> 2.315771e+02
<TRANSP> 5
 0.000000e+00 1.000000e+00 0.000000e+00 0.000000e+00 0.000000e+00
 0.000000e+00 8.346066e-01 1.653934e-01 0.000000e+00 0.000000e+00
 0.000000e+00 0.000000e+00 8.390611e-01 1.609389e-01 0.000000e+00
 0.000000e+00 0.000000e+00 0.000000e+00 9.801813e-01 1.981873e-02
 0.000000e+00 0.000000e+00 0.000000e+00 0.000000e+00 0.000000e+00
<ENDHMM>
~h "l3_i"
<BEGINHMM>
<NUMSTATES> 5
<STATE> 2
<MEAN> 14
 -3.535721e+03 2.892713e+02 -9.843046e+02 1.482233e+02 9.500578e+01 -2.526299e+02 6.252480e+02 -2.837487e+02 2.503972e+02 -3.136512e+02 8.729899e+00 4.711187e+01 -1.420512e+00 1.534324e+00
<VARIANCE> 14
 3.264371e+08 3.604362e+08 3.620899e+08 3.569324e+08 3.552866e+08 3.566624e+08 3.679668e+08 3.598940e+08 3.502909e+08 3.521239e+08 9.971535e+01 4.163609e+01 4.608857e-01 1.139410e+00
<GCONST> 2.302838e+02
<STATE> 3
<MEAN> 14
 -3.931721e+03 2.450198e+02 -5.229416e+01 2.954993e+01 2.843441e+02 -2.706476e+02 8.184171e+02 9.989239e+00 7.593701e+02 3.406870e+02 6.607888e+00 4.788508e+01 -1.451426e+00 1.518200e+00
<VARIANCE> 14
 3.339130e+08 3.622060e+08 3.538932e+08 3.535574e+08 3.598262e+08 3.512228e+08 3.633994e+08 3.592128e+08 3.581753e+08 3.591372e+08 5.908106e+01 3.906660e+01 5.632006e-01 1.111668e+00
<GCONST> 2.298926e+02
<STATE> 4
<MEAN> 14
 -4.518228e+02 3.759923e+02 -1.805287e+02 -4.438797e+02 -5.385718e+02 -2.418580e+02 2.400718e+02 3.591589e+02 -2.443278e+02 -2.284595e+02 3.406990e+00 5.057421e+01 -1.452680e+00 1.622000e+00
<VARIANCE> 14
 3.534526e+08 3.574535e+08 3.517422e+08 3.568360e+08 3.594152e+08 3.518753e+08 3.532338e+08 3.635652e+08 3.592002e+08 3.524211e+08 2.122015e+01 4.915348e+01 6.619713e-01 1.384090e+00
<GCONST> 2.294942e+02
<TRANSP> 5
 0.000000e+00 1.000000e+00 0.000000e+00 0.000000e+00 0.000000e+00
 0.000000e+00 9.198145e-01 8.018556e-02 0.000000e+00 0.000000e+00
 0.000000e+00 0.000000e+00 8.875170e-01 1.124830e-01 0.000000e+00
 0.000000e+00 0.000000e+00 0.000000e+00 9.868446e-01 1.315537e-02
 0.000000e+00 0.000000e+00 0.000000e+00 0.000000e+00 0.000000e+00
<ENDHMM>
~h "l3_u"
<BEGINHMM>
<NUMSTATES> 5
<STATE> 2
<MEAN> 14
 -3.075057e+03 4.481439e+02 6.633437e+02 -8.976078e+02 1.502835e+02 2.913337e+02 -1.229760e+02 6.372307e+02 6.132388e+02 2.002810e+02 9.336555e+00 4.815079e+01 -1.413922e+00 1.828762e+00
<VARIANCE> 14
 3.254836e+08 3.536515e+08 3.643138e+08 3.744116e+08 3.661796e+08 3.513376e+08 3.471516e+08 3.452819e+08 3.826641e+08 3.489034e+08 1.347303e+02 3.758585e+01 4.567085e-01 3.138126e+00
<GCONST> 2.315131e+02
<STATE> 3
<MEAN> 14
 -3.129544e+03 -1.330407e+02 5.396816e+02 3.810584e+02 -5.510249e+02 4.146484e+02 -5.613391e+02 7.247614e+02 -6.372390e+02 -5.270289e+02 5.498889e+00 4.814810e+01 -1.399063e+00 2.305975e+00
<VARIANCE> 14
 3.326572e+08 3.615508e+08 3.550182e+08 3.617361e+08 3.730294e+08 3.476438e+08 3.482887e+08 3.519820e+08 3.745754e+08 3.552412e+08 5.150630e+01 3.623571e+01 4.355917e-01 9.030113e+00
<GCONST> 2.315353e+02
<STATE> 4
<MEAN> 14
 -7.249725e+02 5.133406e+02 3.702327e+02 -6.992639e+01 -1.669990e+02 5.381630e+01 3.733986e+02 3.535083e+02 1.235017e+01 5.433412e+02 3.219725e+00 4.940163e+01 -1.411373e+00 1.695060e+00
<VARIANCE> 14
 3.533264e+08 3.664105e+08 3.520979e+08 3.642207e+08 3.500278e+08 3.562254e+08 3.443205e+08 3.619976e+08 3.685097e+08 3.583581e+08 1.757497e+01 3.688346e+01 4.603347e-01 1.936043e+00
<GCONST> 2.290351e+02
<TRANSP> 5
 0.000000e+00 1.000000e+00 0.000000e+00 0.000000e+00 0.000000e+00
 0.000000e+00 9.205994e-01 7.940055e-02 0.000000e+00 0.000000e+00
 0.000000e+00 0.000000e+00 8.744413e-01 1.255588e-01 0.000000e+00
 0.000000e+00 0.000000e+00 0.000000e+00 9.839535e-01 1.604652e-02
 0.000000e+00 0.000000e+00 0.000000e+00 0.000000e+00 0.000000e+00
<ENDHMM>
~h "l4_i"
<BEGINHMM>
<NUMSTATES> 5
<STATE> 2
<MEAN> 14
 -4.505998e+03 -6.334584e+02 5.617330e+02 -7.030950e+02 8.961009e+01 -2.801385e+02 2.496686e+01 -3.804422e+02 2.193994e+02 2.044259e+02 6.164803e+00 4.830415e+01 -1.524297e+00 1.793249e+00
<VARIANCE> 14
 2.998992e+08 3.768410e+08 3.715959e+08 3.490840e+08 3.484891e+08 3.612659e+08 3.459904e+08 3.478880e+08 3.726794e+08 3.556636e+08 6.316815e+01 4.106345e+01 1.510034e+00 2.882081e+00
<GCONST> 2.318615e+02
<STATE> 3
<MEAN> 14
 -3.893062e+03 -2.400855e+02 -2.458935e+02 -4.887779e+02 -4.916914e+02 -5.788931e+02 1.475262e+02 -6.029785e+02 6.940792e+02 8.241174e+02 4.807414e+00 4.837479e+01 -1.457602e+00 1.708101e+00
<VARIANCE> 14
 3.217843e+08 3.775534e+08 3.596580e+08 3.407024e+08 3.581226e+08 3.626008e+08 3.476939e+08 3.579743e+08 3.705503e+08 3.548455e+08 4.039626e+01 3.913766e+01 7.058219e-01 1.727163e+00
<GCONST> 2.301657e+02
<STATE> 4
<MEAN> 14
 -2.923459e+02 2.133494e+02 2.727517e+02 -1.005391e+03 -2.347955e+02 3.238809e+02 -5.000029e+02 9.540613e+01 1.213838e+02 1.811075e+02 7.056426e+00 4.971152e+01 -1.523893e+00 1.749670e+00
<VARIANCE> 14
 3.595831e+08 3.650783e+08 3.592965e+08 3.630215e+08 3.632112e+08 3.545263e+08 3.489326e+08 3.495670e+08 3.592226e+08 3.538726e+08 9.100306e+01 3.489732e+01 7.568293e-01 2.389292e+00
<GCONST> 2.313350e+02
<TRANSP> 5
 0.000000e+00 1.000000e+00 0.000000e+00 0.000000e+00 0.000000e+00
 0.000000e+00 8.489696e-01 1.510304e-01 0.000000e+00 0.000000e+00
 0.000000e+00 0.000000e+00 8.432779e-01 1.567221e-01 0.000000e+00
 0.000000e+00 0.000000e+00 0.000000e+00 9.882666e-01 1.173339e-02
 0.000000e+00 0.000000e+00 0.000000e+00 0.000000e+00 0.000000e+00
<ENDHMM>
~h "l4_u"
<BEGINHMM>
<NUMSTATES> 5
<STATE> 2
<MEAN> 14
 -3.300177e+03 2.255914e+02 -4.631021e+02 2.880313e+02 3.514370e+02 2.830106e+01 -4.257086e+02 -3.494736e+02 -9.004413e+02 -1.218747e+03 1.003655e+01 4.654448e+01 -1.442571e+00 1.679153e+00
<VARIANCE> 14
 3.119630e+08 3.663504e+08 3.707322e+08 3.609999e+08 3.613784e+08 3.468364e+08 3.664836e+08 3.585146e+08 3.471897e+08 3.546317e+08 1.390943e+02 4.203973e+01 8.357171e-01 2.341218e+00
<GCONST> 2.319269e+02
<STATE> 3
<MEAN> 14
 -4.261547e+03 -3.159635e+02 -7.023525e+02 5.127246e+02 -4.820832e+02 -2.657155e+01 2.029474e+02 -2.093967e+02 -1.304132e+03 -3.198900e+02 5.168556e+00 4.657697e+01 -1.450635e+00 1.637043e+00
<VARIANCE> 14
 3.069599e+08 3.532216e+08 3.797739e+08 3.576002e+08 3.465481e+08 3.632719e+08 3.529703e+08 3.709478e+08 3.497837e+08 3.589794e+08 3.455734e+01 3.932222e+01 8.266792e-01 1.347476e+00
<GCONST> 2.298867e+02
<STATE> 4
<MEAN> 14
 -1.225193e+03 5.917079e+02 -6.264080e+02 7.879703e+01 -2.103662e+02 -3.804495e+02 -5.634677e+01 -1.610988e+02 -6.456975e+01 1.133091e+02 2.257550e+00 5.072517e+01 -1.515318e+00 1.788823e+00
<VARIANCE> 14
 3.546609e+08 3.566507e+08 3.598682e+08 3.548759e+08 3.522116e+08 3.492876e+08 3.542350e+08 3.548584e+08 3.550215e+08 3.577200e+08 1.092351e+01 5.119891e+01 7.396695e-01 2.176363e+00
<GCONST> 2.294073e+02
<TRANSP> 5
 0.000000e+00 1.000000e+00 0.000000e+00 0.000000e+00 0.000000e+00
 0.000000e+00 9.156750e-01 8.432499e-02 0.000000e+00 0.000000e+00
 0.000000e+00 0.000000e+00 8.581248e-01 1.418752e-01 0.000000e+00
 0.000000e+00 0.000000e+00 0.000000e+00 9.861749e-01 1.382504e-02
 0.000000e+00 0.000000e+00 0.000000e+00 0.000000e+00 0.000000e+00
<ENDHMM>
~h "l5_i"
<BEGINHMM>
<NUMSTATES> 5
<STATE> 2
<MEAN> 14
 -3.250886e+03 -2.813307e+02 -5.978358e+02 1.496551e+02 5.225614e+02 -5.353899e+02 4.159378e+02 3.717245e+02 -5.796235e+01 6.028471e+01 9.320802e+00 4.698884e+01 -1.414509e+00 1.738522e+00
<VARIANCE> 14
 3.143254e+08 3.564548e+08 3.588319e+08 3.532537e+08 3.599134e+08 3.604119e+08 3.528591e+08 3.506478e+08 3.569633e+08 3.650114e+08 1.105644e+02 3.122347e+01 4.611076e-01 3.144044e+00
<GCONST> 2.310567e+02
<STATE> 3
<MEAN> 14
 -3.781628e+03 -7.121433e+02 -5.939588e+02 -1.425883e+02 1.399459e+02 -6.257313e+02 1.704150e+02 9.457648e+01 2.931461e+02 2.944511e+00 4.832013e+00 4.737859e+01 -1.433180e+00 1.806158e+00
<VARIANCE> 14
 3.196129e+08 3.527142e+08 3.526735e+08 3.559772e+08 3.469831e+08 3.461580e+08 3.523787e+08 3.512935e+08 3.548788e+08 3.635881e+08 3.131284e+01 3.430725e+01 5.317760e-01 3.175840e+00
<GCONST> 2.299523e+02
<STATE> 4
<MEAN> 14
 -8.168217e+02 1.983223e+02 1.639836e+01 3.662964e+02 -2.153427e+02 1.891689e+02 5.221958e+01 -1.321792e+02 -1.841220e+02 -2.413574e+02 2.753936e+00 4.959673e+01 -1.440439e+00 1.671473e+00
<VARIANCE> 14
 3.628932e+08 3.565040e+08 3.589832e+08 3.547956e+08 3.526458e+08 3.596004e+08 3.493295e+08 3.605069e+08 3.535908e+08 3.608490e+08 1.277026e+01 3.911467e+01 5.884622e-01 1.435696e+00
<GCONST> 2.287063e+02
<TRANSP> 5
 0.000000e+00 1.000000e+00 0.000000e+00 0.000000e+00 0.000000e+00
 0.000000e+00 9.259458e-01 7.405420e-02 0.000000e+00 0.000000e+00
 0.000000e+00 0.000000e+00 8.836453e-01 1.163547e-01 0.000000e+00
 0.000000e+00 0.000000e+00 0.000000e+00 9.896316e-01 1.036844e-02
 0.000000e+00 0.000000e+00 0.000000e+00 0.000000e+00 0.000000e+00
<ENDHMM>
~h "l5_u"
<BEGINHMM>
<NUMSTATES> 5
<STATE> 2
<MEAN> 14
 -4.241036e+03 4.022218e+02 3.128490e+02 -4.080826e+02 -3.213775e+02 3.965026e+02 2.415466e+02 -9.349835e+01 8.279148e+02 -5.363387e+02 7.926695e+00 4.654499e+01 -1.397135e+00 1.792382e+00
<VARIANCE> 14
 3.066267e+08 3.481388e+08 3.829136e+08 3.578980e+08 3.677365e+08 3.480511e+08 3.687920e+08 3.494004e+08 3.554363e+08 3.535014e+08 7.637733e+01 5.269771e+01 4.262651e-01 3.326789e+00
<GCONST> 2.312086e+02
<STATE> 3
<MEAN> 14
 -4.768350e+03 -4.555613e+02 -2.386354e+01 5.491687e+02 -4.156409e+02 2.863565e+02 3.166263e+02 -1.869717e+02 2.515414e+02 -5.938618e+02 8.931311e+00 4.697891e+01 -1.383591e+00 1.692063e+00
<VARIANCE> 14
 3.198513e+08 3.656591e+08 3.732508e+08 3.614742e+08 3.729225e+08 3.664783e+08 3.646781e+08 3.533371e+08 3.553529e+08 3.512722e+08 9.699493e+01 4.558312e+01 4.601315e-01 2.222936e+00
<GCONST> 2.311106e+02
<STATE> 4
<MEAN> 14
 -2.963175e+02 -3.246562e+02 4.333310e+02 -1.337542e+02 1.189669e+02 1.129251e+02 -2.423147e+02 5.274415e+02 -6.048011e+02 -5.770253e+02 8.089251e+00 5.026304e+01 -1.597934e+00 1.711707e+00
<VARIANCE> 14
 3.551006e+08 3.632998e+08 3.586833e+08 3.530090e+08 3.754943e+08 3.600111e+08 3.433269e+08 3.475651e+08 3.522227e+08 3.596927e+08 9.778624e+01 3.910155e+01 1.061943e+00 2.537056e+00
<GCONST> 2.318955e+02
<TRANSP> 5
 0.000000e+00 1.000000e+00 0.000000e+00 0.000000e+00 0.000000e+00
 0.000000e+00 8.727020e-01 1.272980e-01 0.000000e+00 0.000000e+00
 0.000000e+00 0.000000e+00 8.757675e-01 1.242325e-01 0.000000e+00
 0.000000e+00 0.000000e+00 0.000000e+00 9.706756e-01 2.932445e-02
 0.000000e+00 0.000000e+00 0.000000e+00 0.000000e+00 0.000000e+00
<ENDHMM>
~h "sil"
<BEGINHMM>
<NUMSTATES> 5
<STATE> 2
<MEAN> 14
 -1.934333e+03 1.274520e+02 -1.494287e+02 4.036811e+01 3.849333e+01 5.289627e+01 2.632355e+02 2.847052e+01 -7.989037e+01 2.471426e+02 1.088989e+00 5.870019e+01 -1.617783e+00 1.752317e+00
<VARIANCE> 14
 3.105730e+08 3.585708e+08 3.520311e+08 3.536479e+08 3.560180e+08 3.564742e+08 3.543724e+08 3.533797e+08 3.590291e+08 3.549531e+08 5.443124e+00 8.703261e+01 1.297152e+00 1.743836e+00
<GCONST> 2.294594e+02
<STATE> 3
<MEAN> 14
 -2.979414e+03 5.719629e+01 -2.180082e+02 2.426458e+02 -6.589737e+01 -1.496131e+01 5.592910e+01 -1.174600e+02 -1.396248e+01 3.605753e+01 2.764700e+00 5.236416e+01 -1.625922e+00 1.822131e+00
<VARIANCE> 14
 2.908103e+08 3.543350e+08 3.524565e+08 3.503160e+08 3.580934e+08 3.564201e+08 3.549995e+08 3.557634e+08 3.587125e+08 3.550322e+08 2.202241e+01 7.728118e+01 1.408846e+00 2.345808e+00
<GCONST> 2.310450e+02
<STATE> 4
<MEAN> 14
 -1.635678e+03 -1.085707e+02 -5.958729e+01 1.008594e+02 -4.300497e+01 -2.229967e+02 1.478302e+02 1.255779e+02 8.710690e+01 5.997189e+00 3.861954e+00 5.075931e+01 -1.485767e+00 1.695780e+00
<VARIANCE> 14
 3.471721e+08 3.575885e+08 3.567261e+08 3.556062e+08 3.575355e+08 3.534243e+08 3.544386e+08 3.564190e+08 3.592123e+08 3.589605e+08 3.767250e+01 5.640714e+01 6.985804e-01 1.633664e+00
<GCONST> 2.304197e+02
<TRANSP> 5
 0.000000e+00 1.000000e+00 0.000000e+00 0.000000e+00 0.000000e+00
 0.000000e+00 9.491253e-01 5.087468e-02 0.000000e+00 0.000000e+00
 0.000000e+00 0.000000e+00 7.773986e-01 2.226014e-01 0.000000e+00
 0.000000e+00 0.000000e+00 0.000000e+00 9.675381e-01 3.246193e-02
 0.000000e+00 0.000000e+00 0.000000e+00 0.000000e+00 0.000000e+00
<ENDHMM>
